0.001	0.05	-0.0212895
0.001	0.1	-0.0209075
0.001	0.15	-0.0204673
0.001	0.2	-0.0200271
0.001	0.25	-0.0195869
0.001	0.3	-0.0191576
0.001	0.35	-0.0187392
0.001	0.4	-0.0183245
0.001	0.45	-0.017917
0.001	0.5	-0.0175169
0.001	0.55	-0.017124
0.001	0.6	-0.016742
0.001	0.65	-0.0163673
0.001	0.7	-0.0159962
0.001	0.75	-0.015636
0.001	0.8	-0.0152795
0.001	0.85	-0.0149412
0.001	0.9	-0.0146138
0.001	0.95	-0.0143191
0.001	1	-0.0140717
0.001	1.05	-0.0140681
0.001	1.1	-0.0142536
0.001	1.15	-0.0143264
0.001	1.2	-0.0153123
0.001	1.25	-0.0173059
0.001	1.3	-0.0184918
0.001	1.35	-0.019958
0.001	1.4	-0.0216496
0.001	1.45	-0.0234504
0.001	1.5	-0.0252257
0.001	1.55	-0.0268119
0.001	1.6	-0.0251894
0.001	1.65	-0.0261716
0.001	1.7	-0.0243817
0.001	1.75	-0.0247965
0.001	1.8	-0.0229229
0.001	1.85	-0.0229156
0.001	1.9	-0.0210493
0.001	1.95	-0.0193359
0.001	2	-0.0177606
0.001	2.05	-0.0173932
0.001	2.1	-0.0159089
0.001	2.15	-0.0145556
0.001	2.2	-0.0133186
0.001	2.25	-0.0129112
0.001	2.3	-0.0117761
0.001	2.35	-0.0107466
0.001	2.4	-0.00981527
0.001	2.45	-0.00896762
0.001	2.5	-0.00819637
0.001	2.55	-0.00789078
0.001	2.6	-0.00719956
0.001	2.65	-0.00657019
0.001	2.7	-0.00600267
0.001	2.75	-0.00548607
0.001	2.8	-0.00501677
0.001	2.85	-0.00483487
0.001	2.9	-0.00441651
0.001	2.95	-0.00403816
0.001	3	-0.00369255
0.001	3.05	-0.00337968
0.001	3.1	-0.00309592
0.001	3.15	-0.00283762
0.001	3.2	-0.00260115
0.001	3.25	-0.00251384
0.001	3.3	-0.00230284
0.001	3.35	-0.00211367
0.001	3.4	-0.00193904
0.001	3.45	-0.00178261
0.001	3.5	-0.00163709
0.001	3.55	-0.00150976
0.001	3.6	-0.00146611
0.001	3.65	-0.00134605
0.001	3.7	-0.00124055
0.001	3.75	-0.00114233
0.001	3.8	-0.00105501
0.001	3.85	-0.00097134
0.001	3.9	-0.000898581
0.001	3.95	-0.000825821
0.001	4	-0.000811269
0.001	4.05	-0.000749424
0.001	4.1	-0.000691216
0.001	4.15	-0.000636646
0.001	4.2	-0.000592991
0.001	4.25	-0.000549335
0.001	4.3	-0.000505679
0.001	4.35	-0.000469299
0.001	4.4	-0.000465661
0.001	4.45	-0.000432919
0.001	4.5	-0.000400178
0.001	4.55	-0.000371074
0.001	4.6	-0.000345608
0.001	4.65	-0.00032378
0.001	4.7	-0.000301952
0.001	4.75	-0.000276486
0.001	4.8	-0.000276486
0.001	4.85	-0.000258296
0.001	4.9	-0.000240107
0.001	4.95	-0.000225555
0.001	5	-0.000211003
0.051	0.05	-0.857563
0.051	0.1	-1.02089
0.051	0.15	-1.05391
0.051	0.2	-1.0348
0.051	0.25	-1.00131
0.051	0.3	-0.961067
0.051	0.35	-0.90307
0.051	0.4	-0.859007
0.051	0.45	-0.803095
0.051	0.5	-0.752392
0.051	0.55	-0.708598
0.051	0.6	-0.660239
0.051	0.65	-0.614989
0.051	0.7	-0.572734
0.051	0.75	-0.533302
0.051	0.8	-0.50056
0.051	0.85	-0.465494
0.051	0.9	-0.432883
0.051	0.95	-0.402561
0.051	1	-0.374384
0.051	1.05	-0.348202
0.051	1.1	-0.323878
0.051	1.15	-0.301286
0.051	1.2	-0.280306
0.051	1.25	-0.260825
0.051	1.3	-0.242737
0.051	1.35	-0.225933
0.051	1.4	-0.210337
0.051	1.45	-0.195847
0.051	1.5	-0.182397
0.051	1.55	-0.169908
0.051	1.6	-0.158307
0.051	1.65	-0.147542
0.051	1.7	-0.137537
0.051	1.75	-0.128239
0.051	1.8	-0.119606
0.051	1.85	-0.11158
0.051	1.9	-0.104126
0.051	1.95	-0.0972068
0.051	2	-0.0907676
0.051	2.05	-0.0847831
0.051	2.1	-0.0792134
0.051	2.15	-0.0740438
0.051	2.2	-0.0692271
0.051	2.25	-0.0647451
0.051	2.3	-0.0605869
0.051	2.35	-0.0573491
0.051	2.4	-0.0537148
0.051	2.45	-0.0503132
0.051	2.5	-0.0471482
0.051	2.55	-0.0441942
0.051	2.6	-0.0414475
0.051	2.65	-0.0388754
0.051	2.7	-0.0364889
0.051	2.75	-0.0342516
0.051	2.8	-0.0321706
0.051	2.85	-0.030228
0.051	2.9	-0.028409
0.051	2.95	-0.0267137
0.051	3	-0.0251312
0.051	3.05	-0.0236541
0.051	3.1	-0.0222717
0.051	3.15	-0.0213586
0.051	3.2	-0.0201435
0.051	3.25	-0.018983
0.051	3.3	-0.0178989
0.051	3.35	-0.0168802
0.051	3.4	-0.0159307
0.051	3.45	-0.0150358
0.051	3.5	-0.0142027
0.051	3.55	-0.0134169
0.051	3.6	-0.0126856
0.051	3.65	-0.0119981
0.051	3.7	-0.0113505
0.051	3.75	-0.010743
0.051	3.8	-0.0101791
0.051	3.85	-0.00964064
0.051	3.9	-0.00934961
0.051	3.95	-0.00885848
0.051	4	-0.00840009
0.051	4.05	-0.00797081
0.051	4.1	-0.00756336
0.051	4.15	-0.00718137
0.051	4.2	-0.00681757
0.051	4.25	-0.00647924
0.051	4.3	-0.0061591
0.051	4.35	-0.00586078
0.051	4.4	-0.00557702
0.051	4.45	-0.00531145
0.051	4.5	-0.00506043
0.051	4.55	-0.00494038
0.051	4.6	-0.00470754
0.051	4.65	-0.00448563
0.051	4.7	-0.00427826
0.051	4.75	-0.00407817
0.051	4.8	-0.00389264
0.051	4.85	-0.00371801
0.051	4.9	-0.00355431
0.051	4.95	-0.00339423
0.051	5	-0.00324872
0.101	0.05	-0.518434
0.101	0.1	-0.743767
0.101	0.15	-0.835262
0.101	0.2	-0.864795
0.101	0.25	-0.868375
0.101	0.3	-0.855951
0.101	0.35	-0.836204
0.101	0.4	-0.811811
0.101	0.45	-0.771903
0.101	0.5	-0.732536
0.101	0.55	-0.702305
0.101	0.6	-0.662814
0.101	0.65	-0.624899
0.101	0.7	-0.595955
0.101	0.75	-0.560314
0.101	0.8	-0.526499
0.101	0.85	-0.494572
0.101	0.9	-0.464417
0.101	0.95	-0.436052
0.101	1	-0.409658
0.101	1.05	-0.387212
0.101	1.1	-0.363041
0.101	1.15	-0.340377
0.101	1.2	-0.319127
0.101	1.25	-0.29922
0.101	1.3	-0.280568
0.101	1.35	-0.263095
0.101	1.4	-0.246742
0.101	1.45	-0.231426
0.101	1.5	-0.217096
0.101	1.55	-0.20368
0.101	1.6	-0.191125
0.101	1.65	-0.179374
0.101	1.7	-0.16838
0.101	1.75	-0.158085
0.101	1.8	-0.148451
0.101	1.85	-0.139436
0.101	1.9	-0.131004
0.101	1.95	-0.123102
0.101	2	-0.115713
0.101	2.05	-0.108783
0.101	2.1	-0.102307
0.101	2.15	-0.0962355
0.101	2.2	-0.0905493
0.101	2.25	-0.0852269
0.101	2.3	-0.0802393
0.101	2.35	-0.0755645
0.101	2.4	-0.0711843
0.101	2.45	-0.0670807
0.101	2.5	-0.0632317
0.101	2.55	-0.0596228
0.101	2.6	-0.0562432
0.101	2.65	-0.0530708
0.101	2.7	-0.0500913
0.101	2.75	-0.0472974
0.101	2.8	-0.04514
0.101	2.85	-0.0426662
0.101	2.9	-0.0403306
0.101	2.95	-0.0381333
0.101	3	-0.0360706
0.101	3.05	-0.0341279
0.101	3.1	-0.0323016
0.101	3.15	-0.0305918
0.101	3.2	-0.0289729
0.101	3.25	-0.0274522
0.101	3.3	-0.0260225
0.101	3.35	-0.0246764
0.101	3.4	-0.0234104
0.101	3.45	-0.0222171
0.101	3.5	-0.021093
0.101	3.55	-0.0200307
0.101	3.6	-0.0190303
0.101	3.65	-0.018088
0.101	3.7	-0.017415
0.101	3.75	-0.0166183
0.101	3.8	-0.0158107
0.101	3.85	-0.0150467
0.101	3.9	-0.0143264
0.101	3.95	-0.0136424
0.101	4	-0.0129949
0.101	4.05	-0.0123873
0.101	4.1	-0.0118089
0.101	4.15	-0.0112668
0.101	4.2	-0.0107502
0.101	4.25	-0.0102627
0.101	4.3	-0.00980071
0.101	4.35	-0.00936416
0.101	4.4	-0.00894943
0.101	4.45	-0.00855653
0.101	4.5	-0.00818909
0.101	4.55	-0.00797081
0.101	4.6	-0.0076252
0.101	4.65	-0.00730142
0.101	4.7	-0.0069922
0.101	4.75	-0.00669752
0.101	4.8	-0.00641739
0.101	4.85	-0.00615182
0.101	4.9	-0.0059008
0.101	4.95	-0.0056607
0.101	5	-0.00543514
0.151	0.05	-0.350512
0.151	0.1	-0.581065
0.151	0.15	-0.698132
0.151	0.2	-0.753371
0.151	0.25	-0.777451
0.151	0.3	-0.783537
0.151	0.35	-0.778633
0.151	0.4	-0.755623
0.151	0.45	-0.738564
0.151	0.5	-0.708264
0.151	0.55	-0.686352
0.151	0.6	-0.653716
0.151	0.65	-0.621512
0.151	0.7	-0.590087
0.151	0.75	-0.56612
0.151	0.8	-0.535725
0.151	0.85	-0.506563
0.151	0.9	-0.478758
0.151	0.95	-0.452266
0.151	1	-0.427455
0.151	1.05	-0.406751
0.151	1.1	-0.383512
0.151	1.15	-0.361546
0.151	1.2	-0.340795
0.151	1.25	-0.321208
0.151	1.3	-0.302738
0.151	1.35	-0.285334
0.151	1.4	-0.268927
0.151	1.45	-0.253473
0.151	1.5	-0.238913
0.151	1.55	-0.225216
0.151	1.6	-0.21232
0.151	1.65	-0.200187
0.151	1.7	-0.188771
0.151	1.75	-0.178032
0.151	1.8	-0.167925
0.151	1.85	-0.158423
0.151	1.9	-0.149481
0.151	1.95	-0.141074
0.151	2	-0.133157
0.151	2.05	-0.125718
0.151	2.1	-0.118718
0.151	2.15	-0.11213
0.151	2.2	-0.105934
0.151	2.25	-0.100099
0.151	2.3	-0.0946202
0.151	2.35	-0.0894543
0.151	2.4	-0.0845939
0.151	2.45	-0.080021
0.151	2.5	-0.0757173
0.151	2.55	-0.0716573
0.151	2.6	-0.0678374
0.151	2.65	-0.0642431
0.151	2.7	-0.0608488
0.151	2.75	-0.0576583
0.151	2.8	-0.0546497
0.151	2.85	-0.0518157
0.151	2.9	-0.0491418
0.151	2.95	-0.0466207
0.151	3	-0.0442415
0.151	3.05	-0.0419968
0.151	3.1	-0.0398832
0.151	3.15	-0.0378895
0.151	3.2	-0.0360051
0.151	3.25	-0.0342261
0.151	3.3	-0.0325454
0.151	3.35	-0.0309592
0.151	3.4	-0.0297841
0.151	3.45	-0.0283544
0.151	3.5	-0.0269938
0.151	3.55	-0.0257096
0.151	3.6	-0.0244981
0.151	3.65	-0.0233449
0.151	3.7	-0.0222608
0.151	3.75	-0.0212312
0.151	3.8	-0.0202563
0.151	3.85	-0.0193322
0.151	3.9	-0.0184555
0.151	3.95	-0.0176296
0.151	4	-0.0168402
0.151	4.05	-0.0160981
0.151	4.1	-0.0153923
0.151	4.15	-0.0147229
0.151	4.2	-0.0140863
0.151	4.25	-0.013486
0.151	4.3	-0.0129112
0.151	4.35	-0.0125365
0.151	4.4	-0.012009
0.151	4.45	-0.0115069
0.151	4.5	-0.0110304
0.151	4.55	-0.0105792
0.151	4.6	-0.0101463
0.151	4.65	-0.00973887
0.151	4.7	-0.00934597
0.151	4.75	-0.00897853
0.151	4.8	-0.00862201
0.151	4.85	-0.00828368
0.151	4.9	-0.00796717
0.151	4.95	-0.00766158
0.151	5	-0.00737055
0.201	0.05	-0.255823
0.201	0.1	-0.46708
0.201	0.15	-0.591954
0.201	0.2	-0.661454
0.201	0.25	-0.698663
0.201	0.3	-0.716027
0.201	0.35	-0.720785
0.201	0.4	-0.71762
0.201	0.45	-0.699325
0.201	0.5	-0.686134
0.201	0.55	-0.66121
0.201	0.6	-0.635067
0.201	0.65	-0.615753
0.201	0.7	-0.588057
0.201	0.75	-0.5607
0.201	0.8	-0.534055
0.201	0.85	-0.513603
0.201	0.9	-0.4877
0.201	0.95	-0.462758
0.201	1	-0.438853
0.201	1.05	-0.416007
0.201	1.1	-0.394175
0.201	1.15	-0.373409
0.201	1.2	-0.354914
0.201	1.25	-0.337252
0.201	1.3	-0.319014
0.201	1.35	-0.301734
0.201	1.4	-0.28537
0.201	1.45	-0.269887
0.201	1.5	-0.255241
0.201	1.55	-0.241394
0.201	1.6	-0.228312
0.201	1.65	-0.215947
0.201	1.7	-0.204276
0.201	1.75	-0.193249
0.201	1.8	-0.182834
0.201	1.85	-0.173008
0.201	1.9	-0.163731
0.201	1.95	-0.154974
0.201	2	-0.146709
0.201	2.05	-0.138916
0.201	2.1	-0.131553
0.201	2.15	-0.124604
0.201	2.2	-0.118045
0.201	2.25	-0.111857
0.201	2.3	-0.106018
0.201	2.35	-0.100503
0.201	2.4	-0.0953005
0.201	2.45	-0.0903856
0.201	2.5	-0.0857472
0.201	2.55	-0.0813634
0.201	2.6	-0.077227
0.201	2.65	-0.0733198
0.201	2.7	-0.0696273
0.201	2.75	-0.0661385
0.201	2.8	-0.0628461
0.201	2.85	-0.0597283
0.201	2.9	-0.0567852
0.201	2.95	-0.0540022
0.201	3	-0.0513719
0.201	3.05	-0.0488835
0.201	3.1	-0.0465261
0.201	3.15	-0.0442997
0.201	3.2	-0.0421933
0.201	3.25	-0.0401997
0.201	3.3	-0.0383116
0.201	3.35	-0.0365253
0.201	3.4	-0.0351356
0.201	3.45	-0.0335203
0.201	3.5	-0.0319815
0.201	3.55	-0.0305263
0.201	3.6	-0.0291475
0.201	3.65	-0.0278378
0.201	3.7	-0.0265936
0.201	3.75	-0.0254149
0.201	3.8	-0.0242981
0.201	3.85	-0.0232358
0.201	3.9	-0.0222281
0.201	3.95	-0.0212749
0.201	4	-0.0203618
0.201	4.05	-0.0194996
0.201	4.1	-0.0186774
0.201	4.15	-0.0178989
0.201	4.2	-0.0171567
0.201	4.25	-0.0164546
0.201	4.3	-0.0157816
0.201	4.35	-0.0151449
0.201	4.4	-0.0145374
0.201	4.45	-0.0141081
0.201	4.5	-0.0135551
0.201	4.55	-0.0130203
0.201	4.6	-0.0125074
0.201	4.65	-0.0120272
0.201	4.7	-0.0115615
0.201	4.75	-0.0111213
0.201	4.8	-0.0106993
0.201	4.85	-0.0102991
0.201	4.9	-0.00991713
0.201	4.95	-0.00954969
0.201	5	-0.00920409
0.251	0.05	-0.198317
0.251	0.1	-0.384989
0.251	0.15	-0.510983
0.251	0.2	-0.58876
0.251	0.25	-0.635435
0.251	0.3	-0.661788
0.251	0.35	-0.674812
0.251	0.4	-0.671687
0.251	0.45	-0.668129
0.251	0.5	-0.652941
0.251	0.55	-0.641292
0.251	0.6	-0.61997
0.251	0.65	-0.597811
0.251	0.7	-0.580687
0.251	0.75	-0.556582
0.251	0.8	-0.532549
0.251	0.85	-0.509081
0.251	0.9	-0.490752
0.251	0.95	-0.467589
0.251	1	-0.445169
0.251	1.05	-0.423581
0.251	1.1	-0.40279
0.251	1.15	-0.382905
0.251	1.2	-0.363918
0.251	1.25	-0.348296
0.251	1.3	-0.330518
0.251	1.35	-0.313597
0.251	1.4	-0.297499
0.251	1.45	-0.282202
0.251	1.5	-0.267668
0.251	1.55	-0.253865
0.251	1.6	-0.24078
0.251	1.65	-0.228367
0.251	1.7	-0.216605
0.251	1.75	-0.205455
0.251	1.8	-0.194894
0.251	1.85	-0.184893
0.251	1.9	-0.175423
0.251	1.95	-0.166456
0.251	2	-0.157965
0.251	2.05	-0.149932
0.251	2.1	-0.142325
0.251	2.15	-0.135129
0.251	2.2	-0.128315
0.251	2.25	-0.121872
0.251	2.3	-0.115768
0.251	2.35	-0.109994
0.251	2.4	-0.10453
0.251	2.45	-0.0993532
0.251	2.5	-0.0944601
0.251	2.55	-0.0898181
0.251	2.6	-0.0854343
0.251	2.65	-0.0812797
0.251	2.7	-0.0773434
0.251	2.75	-0.0736181
0.251	2.8	-0.0700929
0.251	2.85	-0.0667496
0.251	2.9	-0.0635846
0.251	2.95	-0.0605833
0.251	3	-0.0577384
0.251	3.05	-0.0550426
0.251	3.1	-0.0524888
0.251	3.15	-0.0500659
0.251	3.2	-0.0477703
0.251	3.25	-0.0455912
0.251	3.3	-0.0435248
0.251	3.35	-0.0415675
0.251	3.4	-0.0397085
0.251	3.45	-0.0379405
0.251	3.5	-0.0362634
0.251	3.55	-0.0346736
0.251	3.6	-0.0331638
0.251	3.65	-0.0319596
0.251	3.7	-0.0306063
0.251	3.75	-0.0293003
0.251	3.8	-0.0280561
0.251	3.85	-0.0268737
0.251	3.9	-0.025746
0.251	3.95	-0.0246728
0.251	4	-0.0236505
0.251	4.05	-0.0226792
0.251	4.1	-0.0217551
0.251	4.15	-0.0208784
0.251	4.2	-0.0200416
0.251	4.25	-0.0192413
0.251	4.3	-0.0184809
0.251	4.35	-0.017757
0.251	4.4	-0.0170658
0.251	4.45	-0.0164073
0.251	4.5	-0.0157779
0.251	4.55	-0.0151813
0.251	4.6	-0.0146101
0.251	4.65	-0.0140644
0.251	4.7	-0.0135442
0.251	4.75	-0.0130494
0.251	4.8	-0.0126856
0.251	4.85	-0.0122272
0.251	4.9	-0.0117871
0.251	4.95	-0.011365
0.251	5	-0.0109612
0.301	0.05	-0.16065
0.301	0.1	-0.323111
0.301	0.15	-0.445511
0.301	0.2	-0.527361
0.301	0.25	-0.58013
0.301	0.3	-0.612748
0.301	0.35	-0.631684
0.301	0.4	-0.635751
0.301	0.45	-0.636861
0.301	0.5	-0.627282
0.301	0.55	-0.61953
0.301	0.6	-0.602817
0.301	0.65	-0.584696
0.301	0.7	-0.570119
0.301	0.75	-0.549073
0.301	0.8	-0.527834
0.301	0.85	-0.506865
0.301	0.9	-0.489963
0.301	0.95	-0.468634
0.301	1	-0.447799
0.301	1.05	-0.427506
0.301	1.1	-0.407959
0.301	1.15	-0.389089
0.301	1.2	-0.373773
0.301	1.25	-0.355856
0.301	1.3	-0.338678
0.301	1.35	-0.322252
0.301	1.4	-0.306547
0.301	1.45	-0.291562
0.301	1.5	-0.277272
0.301	1.55	-0.263659
0.301	1.6	-0.250704
0.301	1.65	-0.23836
0.301	1.7	-0.226624
0.301	1.75	-0.215467
0.301	1.8	-0.204862
0.301	1.85	-0.194799
0.301	1.9	-0.185231
0.301	1.95	-0.176147
0.301	2	-0.167529
0.301	2.05	-0.15934
0.301	2.1	-0.15158
0.301	2.15	-0.144209
0.301	2.2	-0.137217
0.301	2.25	-0.130578
0.301	2.3	-0.124284
0.301	2.35	-0.118314
0.301	2.4	-0.112646
0.301	2.45	-0.107277
0.301	2.5	-0.10218
0.301	2.55	-0.0973414
0.301	2.6	-0.0927575
0.301	2.65	-0.0883992
0.301	2.7	-0.0842701
0.301	2.75	-0.0803484
0.301	2.8	-0.0766304
0.301	2.85	-0.0730979
0.301	2.9	-0.0697473
0.301	2.95	-0.0665605
0.301	3	-0.0635409
0.301	3.05	-0.0606706
0.301	3.1	-0.0579494
0.301	3.15	-0.0553591
0.301	3.2	-0.0528998
0.301	3.25	-0.0505606
0.301	3.3	-0.0483415
0.301	3.35	-0.0462314
0.301	3.4	-0.0442233
0.301	3.45	-0.042317
0.301	3.5	-0.0405016
0.301	3.55	-0.0387772
0.301	3.6	-0.0371328
0.301	3.65	-0.0355722
0.301	3.7	-0.0340879
0.301	3.75	-0.0326727
0.301	3.8	-0.0313266
0.301	3.85	-0.0300461
0.301	3.9	-0.0288201
0.301	3.95	-0.0276596
0.301	4	-0.0265536
0.301	4.05	-0.0254986
0.301	4.1	-0.0244909
0.301	4.15	-0.0236978
0.301	4.2	-0.0227847
0.301	4.25	-0.0219079
0.301	4.3	-0.0210603
0.301	4.35	-0.0202563
0.301	4.4	-0.0194887
0.301	4.45	-0.0187574
0.301	4.5	-0.0180553
0.301	4.55	-0.0173859
0.301	4.6	-0.0167456
0.301	4.65	-0.0161381
0.301	4.7	-0.0155524
0.301	4.75	-0.0149957
0.301	4.8	-0.0144646
0.301	4.85	-0.0139516
0.301	4.9	-0.0134642
0.301	4.95	-0.0129985
0.301	5	-0.012551
0.351	0.05	-0.134223
0.351	0.1	-0.276112
0.351	0.15	-0.392381
0.351	0.2	-0.47607
0.351	0.25	-0.533484
0.351	0.3	-0.568831
0.351	0.35	-0.59215
0.351	0.4	-0.60572
0.351	0.45	-0.606735
0.351	0.5	-0.607077
0.351	0.55	-0.597534
0.351	0.6	-0.584856
0.351	0.65	-0.574979
0.351	0.7	-0.557844
0.351	0.75	-0.539734
0.351	0.8	-0.521362
0.351	0.85	-0.506465
0.351	0.9	-0.486769
0.351	0.95	-0.467215
0.351	1	-0.447981
0.351	1.05	-0.429129
0.351	1.1	-0.414148
0.351	1.15	-0.395823
0.351	1.2	-0.378091
0.351	1.25	-0.36096
0.351	1.3	-0.34448
0.351	1.35	-0.328626
0.351	1.4	-0.313405
0.351	1.45	-0.298816
0.351	1.5	-0.284886
0.351	1.55	-0.271521
0.351	1.6	-0.258784
0.351	1.65	-0.247121
0.351	1.7	-0.235999
0.351	1.75	-0.224743
0.351	1.8	-0.214026
0.351	1.85	-0.203821
0.351	1.9	-0.194112
0.351	1.95	-0.184875
0.351	2	-0.176089
0.351	2.05	-0.167733
0.351	2.1	-0.159791
0.351	2.15	-0.152238
0.351	2.2	-0.145064
0.351	2.25	-0.138243
0.351	2.3	-0.131768
0.351	2.35	-0.125612
0.351	2.4	-0.119762
0.351	2.45	-0.114207
0.351	2.5	-0.108925
0.351	2.55	-0.103904
0.351	2.6	-0.0991422
0.351	2.65	-0.0946129
0.351	2.7	-0.0903055
0.351	2.75	-0.0862201
0.351	2.8	-0.0823311
0.351	2.85	-0.0786349
0.351	2.9	-0.0751279
0.351	2.95	-0.0717882
0.351	3	-0.0686159
0.351	3.05	-0.0656
0.351	3.1	-0.062726
0.351	3.15	-0.0600012
0.351	3.2	-0.0574073
0.351	3.25	-0.0549371
0.351	3.3	-0.052587
0.351	3.35	-0.0503533
0.351	3.4	-0.048447
0.351	3.45	-0.0464279
0.351	3.5	-0.0444961
0.351	3.55	-0.0426517
0.351	3.6	-0.0408909
0.351	3.65	-0.0392174
0.351	3.7	-0.0376203
0.351	3.75	-0.0360997
0.351	3.8	-0.0346481
0.351	3.85	-0.0332693
0.351	3.9	-0.0319451
0.351	3.95	-0.0306864
0.351	4	-0.0294858
0.351	4.05	-0.0283399
0.351	4.1	-0.0272485
0.351	4.15	-0.0262044
0.351	4.2	-0.0252076
0.351	4.25	-0.0242544
0.351	4.3	-0.0233449
0.351	4.35	-0.0224791
0.351	4.4	-0.0216496
0.351	4.45	-0.0208529
0.351	4.5	-0.0200998
0.351	4.55	-0.0193722
0.351	4.6	-0.0186774
0.351	4.65	-0.0180153
0.351	4.7	-0.0173859
0.351	4.75	-0.0167747
0.351	4.8	-0.0162581
0.351	4.85	-0.0157415
0.351	4.9	-0.0152031
0.351	4.95	-0.0146865
0.351	5	-0.0141918
0.401	0.05	-0.114676
0.401	0.1	-0.239739
0.401	0.15	-0.348104
0.401	0.2	-0.430766
0.401	0.25	-0.490039
0.401	0.3	-0.531272
0.401	0.35	-0.55624
0.401	0.4	-0.572971
0.401	0.45	-0.579144
0.401	0.5	-0.581666
0.401	0.55	-0.575987
0.401	0.6	-0.57129
0.401	0.65	-0.55907
0.401	0.7	-0.545053
0.401	0.75	-0.53415
0.401	0.8	-0.517288
0.401	0.85	-0.499804
0.401	0.9	-0.482101
0.401	0.95	-0.464392
0.401	1	-0.450313
0.401	1.05	-0.432352
0.401	1.1	-0.414711
0.401	1.15	-0.397456
0.401	1.2	-0.38066
0.401	1.25	-0.364391
0.401	1.3	-0.348678
0.401	1.35	-0.333574
0.401	1.4	-0.32079
0.401	1.45	-0.306387
0.401	1.5	-0.292548
0.401	1.55	-0.279291
0.401	1.6	-0.26658
0.401	1.65	-0.254415
0.401	1.7	-0.242784
0.401	1.75	-0.231666
0.401	1.8	-0.221055
0.401	1.85	-0.210912
0.401	1.9	-0.201238
0.401	1.95	-0.192009
0.401	2	-0.183212
0.401	2.05	-0.174827
0.401	2.1	-0.166838
0.401	2.15	-0.159223
0.401	2.2	-0.151969
0.401	2.25	-0.145064
0.401	2.3	-0.138487
0.401	2.35	-0.132226
0.401	2.4	-0.12626
0.401	2.45	-0.120584
0.401	2.5	-0.115182
0.401	2.55	-0.110034
0.401	2.6	-0.105145
0.401	2.65	-0.100481
0.401	2.7	-0.0960426
0.401	2.75	-0.0918189
0.401	2.8	-0.087799
0.401	2.85	-0.0839646
0.401	2.9	-0.0803229
0.401	2.95	-0.0768487
0.401	3	-0.073549
0.401	3.05	-0.0704022
0.401	3.1	-0.0674008
0.401	3.15	-0.0645487
0.401	3.2	-0.0618274
0.401	3.25	-0.0592336
0.401	3.3	-0.0567597
0.401	3.35	-0.0544096
0.401	3.4	-0.0521686
0.401	3.45	-0.0500295
0.401	3.5	-0.0479886
0.401	3.55	-0.0460459
0.401	3.6	-0.0441905
0.401	3.65	-0.0424225
0.401	3.7	-0.0407381
0.401	3.75	-0.0391301
0.401	3.8	-0.0375912
0.401	3.85	-0.0361288
0.401	3.9	-0.0347245
0.401	3.95	-0.033393
0.401	4	-0.0321124
0.401	4.05	-0.0308974
0.401	4.1	-0.0297368
0.401	4.15	-0.02862
0.401	4.2	-0.0275577
0.401	4.25	-0.0266264
0.401	4.3	-0.0257132
0.401	4.35	-0.0247819
0.401	4.4	-0.0238833
0.401	4.45	-0.0230248
0.401	4.5	-0.0222062
0.401	4.55	-0.0214204
0.401	4.6	-0.0206674
0.401	4.65	-0.019947
0.401	4.7	-0.0192558
0.401	4.75	-0.0185937
0.401	4.8	-0.0179643
0.401	4.85	-0.0173532
0.401	4.9	-0.0167747
0.401	4.95	-0.0162181
0.401	5	-0.0156833
0.451	0.05	-0.0996333
0.451	0.1	-0.211105
0.451	0.15	-0.311451
0.451	0.2	-0.39221
0.451	0.25	-0.452808
0.451	0.3	-0.495213
0.451	0.35	-0.525404
0.451	0.4	-0.543088
0.451	0.45	-0.555036
0.451	0.5	-0.557688
0.451	0.55	-0.559063
0.451	0.6	-0.552656
0.451	0.65	-0.54362
0.451	0.7	-0.535962
0.451	0.75	-0.52253
0.451	0.8	-0.507916
0.451	0.85	-0.49279
0.451	0.9	-0.480461
0.451	0.95	-0.463842
0.451	1	-0.447159
0.451	1.05	-0.43058
0.451	1.1	-0.414155
0.451	1.15	-0.398173
0.451	1.2	-0.384909
0.451	1.25	-0.369106
0.451	1.3	-0.353768
0.451	1.35	-0.338881
0.451	1.4	-0.324482
0.451	1.45	-0.310578
0.451	1.5	-0.297183
0.451	1.55	-0.284312
0.451	1.6	-0.271906
0.451	1.65	-0.26001
0.451	1.7	-0.248612
0.451	1.75	-0.23772
0.451	1.8	-0.228123
0.451	1.85	-0.217948
0.451	1.9	-0.208216
0.451	1.95	-0.198925
0.451	2	-0.190044
0.451	2.05	-0.181568
0.451	2.1	-0.173481
0.451	2.15	-0.165757
0.451	2.2	-0.15839
0.451	2.25	-0.151369
0.451	2.3	-0.144668
0.451	2.35	-0.138283
0.451	2.4	-0.132193
0.451	2.45	-0.126387
0.451	2.5	-0.120854
0.451	2.55	-0.115579
0.451	2.6	-0.110555
0.451	2.65	-0.105763
0.451	2.7	-0.101201
0.451	2.75	-0.0968466
0.451	2.8	-0.0926993
0.451	2.85	-0.0887485
0.451	2.9	-0.0849795
0.451	2.95	-0.0813889
0.451	3	-0.0779655
0.451	3.05	-0.0747023
0.451	3.1	-0.0715918
0.451	3.15	-0.0686232
0.451	3.2	-0.0657965
0.451	3.25	-0.0630935
0.451	3.3	-0.0605214
0.451	3.35	-0.0580658
0.451	3.4	-0.0557229
0.451	3.45	-0.0534892
0.451	3.5	-0.0513537
0.451	3.55	-0.0493201
0.451	3.6	-0.0473774
0.451	3.65	-0.045693
0.451	3.7	-0.0439213
0.451	3.75	-0.0422297
0.451	3.8	-0.0406071
0.451	3.85	-0.0390537
0.451	3.9	-0.0375767
0.451	3.95	-0.0361579
0.451	4	-0.0348009
0.451	4.05	-0.0335094
0.451	4.1	-0.0322689
0.451	4.15	-0.0310865
0.451	4.2	-0.0299515
0.451	4.25	-0.0288674
0.451	4.3	-0.0278269
0.451	4.35	-0.0268301
0.451	4.4	-0.0258806
0.451	4.45	-0.0249711
0.451	4.5	-0.0241016
0.451	4.55	-0.0232612
0.451	4.6	-0.0224609
0.451	4.65	-0.0216969
0.451	4.7	-0.0209584
0.451	4.75	-0.0202563
0.451	4.8	-0.0195796
0.451	4.85	-0.018932
0.451	4.9	-0.0183099
0.451	4.95	-0.017717
0.451	5	-0.0171422
0.501	0.05	-0.0877008
0.501	0.1	-0.18812
0.501	0.15	-0.280746
0.501	0.2	-0.358435
0.501	0.25	-0.418779
0.501	0.3	-0.463853
0.501	0.35	-0.495005
0.501	0.4	-0.517361
0.501	0.45	-0.529741
0.501	0.5	-0.538064
0.501	0.55	-0.538519
0.501	0.6	-0.538435
0.501	0.65	-0.531556
0.501	0.7	-0.522195
0.501	0.75	-0.511245
0.501	0.8	-0.502074
0.501	0.85	-0.488231
0.501	0.9	-0.473676
0.501	0.95	-0.458771
0.501	1	-0.44407
0.501	1.05	-0.431239
0.501	1.1	-0.415599
0.501	1.15	-0.400134
0.501	1.2	-0.384909
0.501	1.25	-0.369982
0.501	1.3	-0.355361
0.501	1.35	-0.341231
0.501	1.4	-0.329448
0.501	1.45	-0.315824
0.501	1.5	-0.302647
0.501	1.55	-0.289929
0.501	1.6	-0.277665
0.501	1.65	-0.265885
0.501	1.7	-0.254538
0.501	1.75	-0.243639
0.501	1.8	-0.233176
0.501	1.85	-0.223146
0.501	1.9	-0.213535
0.501	1.95	-0.204327
0.501	2	-0.195512
0.501	2.05	-0.187079
0.501	2.1	-0.179014
0.501	2.15	-0.171294
0.501	2.2	-0.16392
0.501	2.25	-0.15687
0.501	2.3	-0.150136
0.501	2.35	-0.143704
0.501	2.4	-0.137556
0.501	2.45	-0.131684
0.501	2.5	-0.126081
0.501	2.55	-0.12073
0.501	2.6	-0.115622
0.501	2.65	-0.110744
0.501	2.7	-0.106091
0.501	2.75	-0.101645
0.501	2.8	-0.0973996
0.501	2.85	-0.0933542
0.501	2.9	-0.0894906
0.501	2.95	-0.0857981
0.501	3	-0.0822802
0.501	3.05	-0.078915
0.501	3.1	-0.0757027
0.501	3.15	-0.0726395
0.501	3.2	-0.0697109
0.501	3.25	-0.066917
0.501	3.3	-0.0642467
0.501	3.35	-0.0616928
0.501	3.4	-0.059259
0.501	3.45	-0.0569307
0.501	3.5	-0.0547079
0.501	3.55	-0.0525797
0.501	3.6	-0.0505534
0.501	3.65	-0.0486143
0.501	3.7	-0.0467553
0.501	3.75	-0.0449836
0.501	3.8	-0.0432883
0.501	3.85	-0.0416658
0.501	3.9	-0.0401124
0.501	3.95	-0.0386281
0.501	4	-0.0372092
0.501	4.05	-0.0358486
0.501	4.1	-0.0345499
0.501	4.15	-0.0333057
0.501	4.2	-0.0321124
0.501	4.25	-0.0309738
0.501	4.3	-0.0298824
0.501	4.35	-0.0288346
0.501	4.4	-0.0278305
0.501	4.45	-0.0268701
0.501	4.5	-0.0259497
0.501	4.55	-0.0250657
0.501	4.6	-0.024218
0.501	4.65	-0.0234068
0.501	4.7	-0.0226319
0.501	4.75	-0.0219734
0.501	4.8	-0.0212567
0.501	4.85	-0.0205655
0.501	4.9	-0.0198997
0.501	4.95	-0.0192595
0.501	5	-0.0186483
0.551	0.05	-0.0780055
0.551	0.1	-0.169322
0.551	0.15	-0.254851
0.551	0.2	-0.329121
0.551	0.25	-0.388987
0.551	0.3	-0.434426
0.551	0.35	-0.468393
0.551	0.4	-0.492066
0.551	0.45	-0.508015
0.551	0.5	-0.516404
0.551	0.55	-0.521919
0.551	0.6	-0.520631
0.551	0.65	-0.516309
0.551	0.7	-0.512133
0.551	0.75	-0.50274
0.551	0.8	-0.491909
0.551	0.85	-0.480009
0.551	0.9	-0.470056
0.551	0.95	-0.456224
0.551	1	-0.442054
0.551	1.05	-0.427655
0.551	1.1	-0.413216
0.551	1.15	-0.399927
0.551	1.2	-0.386957
0.551	1.25	-0.372569
0.551	1.3	-0.358435
0.551	1.35	-0.344637
0.551	1.4	-0.331165
0.551	1.45	-0.318105
0.551	1.5	-0.305405
0.551	1.55	-0.29309
0.551	1.6	-0.281241
0.551	1.65	-0.269825
0.551	1.7	-0.259897
0.551	1.75	-0.249071
0.551	1.8	-0.238666
0.551	1.85	-0.228665
0.551	1.9	-0.219065
0.551	1.95	-0.20985
0.551	2	-0.201017
0.551	2.05	-0.192547
0.551	2.1	-0.184431
0.551	2.15	-0.176664
0.551	2.2	-0.169228
0.551	2.25	-0.162108
0.551	2.3	-0.155298
0.551	2.35	-0.14879
0.551	2.4	-0.142558
0.551	2.45	-0.136602
0.551	2.5	-0.130913
0.551	2.55	-0.12547
0.551	2.6	-0.120268
0.551	2.65	-0.115298
0.551	2.7	-0.110547
0.551	2.75	-0.106011
0.551	2.8	-0.101674
0.551	2.85	-0.0975269
0.551	2.9	-0.0935652
0.551	2.95	-0.0897817
0.551	3	-0.0861692
0.551	3.05	-0.0827131
0.551	3.1	-0.0794134
0.551	3.15	-0.0762557
0.551	3.2	-0.0732398
0.551	3.25	-0.0703549
0.551	3.3	-0.0676046
0.551	3.35	-0.064967
0.551	3.4	-0.0624495
0.551	3.45	-0.0600412
0.551	3.5	-0.0577384
0.551	3.55	-0.055541
0.551	3.6	-0.0534346
0.551	3.65	-0.0514192
0.551	3.7	-0.0494911
0.551	3.75	-0.0476502
0.551	3.8	-0.0458822
0.551	3.85	-0.0441942
0.551	3.9	-0.0425825
0.551	3.95	-0.0410328
0.551	4	-0.0395521
0.551	4.05	-0.0381333
0.551	4.1	-0.0367763
0.551	4.15	-0.0354703
0.551	4.2	-0.0342261
0.551	4.25	-0.0331347
0.551	4.3	-0.0320069
0.551	4.35	-0.0309046
0.551	4.4	-0.0298423
0.551	4.45	-0.028831
0.551	4.5	-0.027856
0.551	4.55	-0.026921
0.551	4.6	-0.0260261
0.551	4.65	-0.0251639
0.551	4.7	-0.0243417
0.551	4.75	-0.023545
0.551	4.8	-0.0227847
0.551	4.85	-0.0220534
0.551	4.9	-0.0213513
0.551	4.95	-0.0206783
0.551	5	-0.0200307
0.601	0.05	-0.0699656
0.601	0.1	-0.153686
0.601	0.15	-0.232885
0.601	0.2	-0.303509
0.601	0.25	-0.362226
0.601	0.3	-0.408229
0.601	0.35	-0.443637
0.601	0.4	-0.468637
0.601	0.45	-0.487315
0.601	0.5	-0.497846
0.601	0.55	-0.503176
0.601	0.6	-0.506487
0.601	0.65	-0.503896
0.601	0.7	-0.49865
0.601	0.75	-0.494139
0.601	0.8	-0.484786
0.601	0.85	-0.474109
0.601	0.9	-0.462504
0.601	0.95	-0.450233
0.601	1	-0.440017
0.601	1.05	-0.426535
0.601	1.1	-0.412863
0.601	1.15	-0.399141
0.601	1.2	-0.385469
0.601	1.25	-0.371976
0.601	1.3	-0.35869
0.601	1.35	-0.347482
0.601	1.4	-0.334403
0.601	1.45	-0.321626
0.601	1.5	-0.309199
0.601	1.55	-0.297114
0.601	1.6	-0.285425
0.601	1.65	-0.274096
0.601	1.7	-0.263157
0.601	1.75	-0.252599
0.601	1.8	-0.242413
0.601	1.85	-0.232601
0.601	1.9	-0.223154
0.601	1.95	-0.214091
0.601	2	-0.20536
0.601	2.05	-0.197007
0.601	2.1	-0.18916
0.601	2.15	-0.181673
0.601	2.2	-0.17419
0.601	2.25	-0.167023
0.601	2.3	-0.160155
0.601	2.35	-0.153574
0.601	2.4	-0.147276
0.601	2.45	-0.141248
0.601	2.5	-0.135478
0.601	2.55	-0.12996
0.601	2.6	-0.124677
0.601	2.65	-0.119624
0.601	2.7	-0.114789
0.601	2.75	-0.110165
0.601	2.8	-0.105741
0.601	2.85	-0.101514
0.601	2.9	-0.0974651
0.601	2.95	-0.0935979
0.601	3	-0.0898945
0.601	3.05	-0.0863547
0.601	3.1	-0.0829714
0.601	3.15	-0.0797299
0.601	3.2	-0.076634
0.601	3.25	-0.0736727
0.601	3.3	-0.0708387
0.601	3.35	-0.0681248
0.601	3.4	-0.0655346
0.601	3.45	-0.0630462
0.601	3.5	-0.0606706
0.601	3.55	-0.0583968
0.601	3.6	-0.056225
0.601	3.65	-0.0542568
0.601	3.7	-0.0522741
0.601	3.75	-0.0503678
0.601	3.8	-0.0485306
0.601	3.85	-0.0467808
0.601	3.9	-0.0450964
0.601	3.95	-0.0434848
0.601	4	-0.0419423
0.601	4.05	-0.0404616
0.601	4.1	-0.0390428
0.601	4.15	-0.0376785
0.601	4.2	-0.0363762
0.601	4.25	-0.0351247
0.601	4.3	-0.0339205
0.601	4.35	-0.0327709
0.601	4.4	-0.031665
0.601	4.45	-0.0306063
0.601	4.5	-0.0295877
0.601	4.55	-0.0286091
0.601	4.6	-0.0276741
0.601	4.65	-0.0267719
0.601	4.7	-0.025906
0.601	4.75	-0.0250729
0.601	4.8	-0.0242762
0.601	4.85	-0.0235086
0.601	4.9	-0.0227737
0.601	4.95	-0.0220643
0.601	5	-0.0213804
0.651	0.05	-0.063199
0.651	0.1	-0.140477
0.651	0.15	-0.214084
0.651	0.2	-0.28103
0.651	0.25	-0.338034
0.651	0.3	-0.384291
0.651	0.35	-0.419863
0.651	0.4	-0.44722
0.651	0.45	-0.466094
0.651	0.5	-0.48009
0.651	0.55	-0.487245
0.651	0.6	-0.490199
0.651	0.65	-0.491746
0.651	0.7	-0.488148
0.651	0.75	-0.48228
0.651	0.8	-0.47472
0.651	0.85	-0.468066
0.651	0.9	-0.457621
0.651	0.95	-0.44634
0.651	1	-0.434473
0.651	1.05	-0.422257
0.651	1.1	-0.412012
0.651	1.15	-0.39901
0.651	1.2	-0.385971
0.651	1.25	-0.372969
0.651	1.3	-0.360098
0.651	1.35	-0.347394
0.651	1.4	-0.334941
0.651	1.45	-0.322721
0.651	1.5	-0.311033
0.651	1.55	-0.300635
0.651	1.6	-0.289147
0.651	1.65	-0.278011
0.651	1.7	-0.267206
0.651	1.75	-0.256761
0.651	1.8	-0.24667
0.651	1.85	-0.236931
0.651	1.9	-0.227537
0.651	1.95	-0.218501
0.651	2	-0.209795
0.651	2.05	-0.20142
0.651	2.1	-0.193369
0.651	2.15	-0.185639
0.651	2.2	-0.178214
0.651	2.25	-0.17108
0.651	2.3	-0.164233
0.651	2.35	-0.15767
0.651	2.4	-0.151369
0.651	2.45	-0.145334
0.651	2.5	-0.139549
0.651	2.55	-0.134001
0.651	2.6	-0.128686
0.651	2.65	-0.123593
0.651	2.7	-0.118715
0.651	2.75	-0.114043
0.651	2.8	-0.109569
0.651	2.85	-0.105287
0.651	2.9	-0.101176
0.651	2.95	-0.0972468
0.651	3	-0.0934851
0.651	3.05	-0.0898763
0.651	3.1	-0.0864238
0.651	3.15	-0.0831205
0.651	3.2	-0.0799555
0.651	3.25	-0.0769251
0.651	3.3	-0.0740183
0.651	3.35	-0.0712389
0.651	3.4	-0.0685759
0.651	3.45	-0.0660293
0.651	3.5	-0.063581
0.651	3.55	-0.0612417
0.651	3.6	-0.0590007
0.651	3.65	-0.0568507
0.651	3.7	-0.0547916
0.651	3.75	-0.0528162
0.651	3.8	-0.0509244
0.651	3.85	-0.0491091
0.651	3.9	-0.0473701
0.651	3.95	-0.0457039
0.651	4	-0.0441032
0.651	4.05	-0.0425716
0.651	4.1	-0.0410982
0.651	4.15	-0.0396903
0.651	4.2	-0.0383334
0.651	4.25	-0.0370346
0.651	4.3	-0.0357904
0.651	4.35	-0.0345899
0.651	4.4	-0.0334403
0.651	4.45	-0.032338
0.651	4.5	-0.0312793
0.651	4.55	-0.0302607
0.651	4.6	-0.0292821
0.651	4.65	-0.0283471
0.651	4.7	-0.0274449
0.651	4.75	-0.0265754
0.651	4.8	-0.0257387
0.651	4.85	-0.024942
0.651	4.9	-0.0241707
0.651	4.95	-0.0234286
0.651	5	-0.0227155
0.701	0.05	-0.0574182
0.701	0.1	-0.129181
0.701	0.15	-0.197862
0.701	0.2	-0.26124
0.701	0.25	-0.31649
0.701	0.3	-0.36235
0.701	0.35	-0.398595
0.701	0.4	-0.427015
0.701	0.45	-0.447413
0.701	0.5	-0.461521
0.701	0.55	-0.47189
0.701	0.6	-0.476419
0.701	0.65	-0.477503
0.701	0.7	-0.477638
0.701	0.75	-0.473239
0.701	0.8	-0.466865
0.701	0.85	-0.458997
0.701	0.9	-0.452412
0.701	0.95	-0.442207
0.701	1	-0.431261
0.701	1.05	-0.419779
0.701	1.1	-0.408014
0.701	1.15	-0.395888
0.701	1.2	-0.384654
0.701	1.25	-0.373533
0.701	1.3	-0.361168
0.701	1.35	-0.348904
0.701	1.4	-0.336808
0.701	1.45	-0.324941
0.701	1.5	-0.313281
0.701	1.55	-0.301919
0.701	1.6	-0.290842
0.701	1.65	-0.280059
0.701	1.7	-0.269625
0.701	1.75	-0.260512
0.701	1.8	-0.250533
0.701	1.85	-0.240889
0.701	1.9	-0.231572
0.701	1.95	-0.222579
0.701	2	-0.21391
0.701	2.05	-0.205564
0.701	2.1	-0.19752
0.701	2.15	-0.189786
0.701	2.2	-0.182346
0.701	2.25	-0.175194
0.701	2.3	-0.168326
0.701	2.35	-0.161726
0.701	2.4	-0.155389
0.701	2.45	-0.14931
0.701	2.5	-0.143475
0.701	2.55	-0.137876
0.701	2.6	-0.132506
0.701	2.65	-0.127355
0.701	2.7	-0.122418
0.701	2.75	-0.117685
0.701	2.8	-0.113148
0.701	2.85	-0.108794
0.701	2.9	-0.104625
0.701	2.95	-0.100626
0.701	3	-0.0967957
0.701	3.05	-0.0931286
0.701	3.1	-0.0896071
0.701	3.15	-0.0862383
0.701	3.2	-0.0830041
0.701	3.25	-0.0799082
0.701	3.3	-0.0769396
0.701	3.35	-0.0740947
0.701	3.4	-0.0713699
0.701	3.45	-0.0687542
0.701	3.5	-0.0662476
0.701	3.55	-0.0638465
0.701	3.6	-0.0615437
0.701	3.65	-0.0593354
0.701	3.7	-0.0572181
0.701	3.75	-0.0551881
0.701	3.8	-0.0532418
0.701	3.85	-0.0513719
0.701	3.9	-0.0495784
0.701	3.95	-0.0478612
0.701	4	-0.0462132
0.701	4.05	-0.0446234
0.701	4.1	-0.0431064
0.701	4.15	-0.0416476
0.701	4.2	-0.040247
0.701	4.25	-0.0389009
0.701	4.3	-0.0376131
0.701	4.35	-0.0363725
0.701	4.4	-0.0351829
0.701	4.45	-0.0340369
0.701	4.5	-0.0329346
0.701	4.55	-0.0318832
0.701	4.6	-0.0308646
0.701	4.65	-0.0298896
0.701	4.7	-0.028951
0.701	4.75	-0.0280961
0.701	4.8	-0.0272521
0.701	4.85	-0.0264154
0.701	4.9	-0.0256114
0.701	4.95	-0.0248328
0.701	5	-0.0240834
0.751	0.05	-0.0524306
0.751	0.1	-0.119406
0.751	0.15	-0.183743
0.751	0.2	-0.243734
0.751	0.25	-0.29707
0.751	0.3	-0.34209
0.751	0.35	-0.37883
0.751	0.4	-0.407374
0.751	0.45	-0.429663
0.751	0.5	-0.445179
0.751	0.55	-0.455701
0.751	0.6	-0.463075
0.751	0.65	-0.465501
0.751	0.7	-0.465021
0.751	0.75	-0.464104
0.751	0.8	-0.459084
0.751	0.85	-0.452339
0.751	0.9	-0.444346
0.751	0.95	-0.435422
0.751	1	-0.427703
0.751	1.05	-0.417098
0.751	1.1	-0.406031
0.751	1.15	-0.394648
0.751	1.2	-0.383046
0.751	1.25	-0.371441
0.751	1.3	-0.359862
0.751	1.35	-0.349981
0.751	1.4	-0.338285
0.751	1.45	-0.326756
0.751	1.5	-0.315413
0.751	1.55	-0.304313
0.751	1.6	-0.29345
0.751	1.65	-0.282878
0.751	1.7	-0.272565
0.751	1.75	-0.262538
0.751	1.8	-0.252829
0.751	1.85	-0.243421
0.751	1.9	-0.2343
0.751	1.95	-0.225522
0.751	2	-0.217082
0.751	2.05	-0.209395
0.751	2.1	-0.201377
0.751	2.15	-0.193653
0.751	2.2	-0.186214
0.751	2.25	-0.179058
0.751	2.3	-0.172171
0.751	2.35	-0.16555
0.751	2.4	-0.159183
0.751	2.45	-0.153072
0.751	2.5	-0.147196
0.751	2.55	-0.141554
0.751	2.6	-0.13614
0.751	2.65	-0.130938
0.751	2.7	-0.125947
0.751	2.75	-0.121159
0.751	2.8	-0.116564
0.751	2.85	-0.112155
0.751	2.9	-0.107928
0.751	2.95	-0.103872
0.751	3	-0.0999789
0.751	3.05	-0.09625
0.751	3.1	-0.0926702
0.751	3.15	-0.0892396
0.751	3.2	-0.0859436
0.751	3.25	-0.0827895
0.751	3.3	-0.079759
0.751	3.35	-0.0768559
0.751	3.4	-0.0740656
0.751	3.45	-0.0713953
0.751	3.5	-0.0688342
0.751	3.55	-0.0663713
0.751	3.6	-0.0640139
0.751	3.65	-0.0617474
0.751	3.7	-0.0595792
0.751	3.75	-0.057491
0.751	3.8	-0.0554937
0.751	3.85	-0.0535692
0.751	3.9	-0.0517321
0.751	3.95	-0.049964
0.751	4	-0.0482614
0.751	4.05	-0.0466353
0.751	4.1	-0.0450673
0.751	4.15	-0.0435648
0.751	4.2	-0.0421205
0.751	4.25	-0.0407308
0.751	4.3	-0.0394502
0.751	4.35	-0.0382024
0.751	4.4	-0.0369728
0.751	4.45	-0.0357832
0.751	4.5	-0.0346408
0.751	4.55	-0.0335458
0.751	4.6	-0.0324872
0.751	4.65	-0.0314722
0.751	4.7	-0.0304935
0.751	4.75	-0.0295549
0.751	4.8	-0.0286454
0.751	4.85	-0.027776
0.751	4.9	-0.0269356
0.751	4.95	-0.026128
0.751	5	-0.0253531
0.801	0.05	-0.0480723
0.801	0.1	-0.110864
0.801	0.15	-0.171363
0.801	0.2	-0.228218
0.801	0.25	-0.27955
0.801	0.3	-0.323715
0.801	0.35	-0.36044
0.801	0.4	-0.389628
0.801	0.45	-0.412168
0.801	0.5	-0.429547
0.801	0.55	-0.441196
0.801	0.6	-0.448756
0.801	0.65	-0.453852
0.801	0.7	-0.454631
0.801	0.75	-0.45291
0.801	0.8	-0.449923
0.801	0.85	-0.445551
0.801	0.9	-0.43858
0.801	0.95	-0.430489
0.801	1	-0.421558
0.801	1.05	-0.412245
0.801	1.1	-0.403743
0.801	1.15	-0.393055
0.801	1.2	-0.382108
0.801	1.25	-0.370983
0.801	1.3	-0.359814
0.801	1.35	-0.348693
0.801	1.4	-0.337539
0.801	1.45	-0.326803
0.801	1.5	-0.317174
0.801	1.55	-0.306347
0.801	1.6	-0.295739
0.801	1.65	-0.285363
0.801	1.7	-0.275246
0.801	1.75	-0.265383
0.801	1.8	-0.255797
0.801	1.85	-0.246495
0.801	1.9	-0.23748
0.801	1.95	-0.228742
0.801	2	-0.220283
0.801	2.05	-0.212105
0.801	2.1	-0.204218
0.801	2.15	-0.196611
0.801	2.2	-0.189255
0.801	2.25	-0.182172
0.801	2.3	-0.175343
0.801	2.35	-0.16878
0.801	2.4	-0.162447
0.801	2.45	-0.156382
0.801	2.5	-0.150725
0.801	2.55	-0.145046
0.801	2.6	-0.139593
0.801	2.65	-0.134351
0.801	2.7	-0.129316
0.801	2.75	-0.124481
0.801	2.8	-0.119835
0.801	2.85	-0.115378
0.801	2.9	-0.111093
0.801	2.95	-0.106986
0.801	3	-0.103038
0.801	3.05	-0.0992513
0.801	3.1	-0.095617
0.801	3.15	-0.0921282
0.801	3.2	-0.0887776
0.801	3.25	-0.0855653
0.801	3.3	-0.0824839
0.801	3.35	-0.0795262
0.801	3.4	-0.0766813
0.801	3.45	-0.0739528
0.801	3.5	-0.0713371
0.801	3.55	-0.0688233
0.801	3.6	-0.0664077
0.801	3.65	-0.0640939
0.801	3.7	-0.061922
0.801	3.75	-0.059812
0.801	3.8	-0.0577747
0.801	3.85	-0.055803
0.801	3.9	-0.0539148
0.801	3.95	-0.0520959
0.801	4	-0.0503496
0.801	4.05	-0.0486762
0.801	4.1	-0.0470609
0.801	4.15	-0.0455075
0.801	4.2	-0.0440159
0.801	4.25	-0.0425825
0.801	4.3	-0.0412074
0.801	4.35	-0.0398832
0.801	4.4	-0.0386099
0.801	4.45	-0.0373839
0.801	4.5	-0.0362052
0.801	4.55	-0.0350701
0.801	4.6	-0.0339787
0.801	4.65	-0.0329273
0.801	4.7	-0.031916
0.801	4.75	-0.0309446
0.801	4.8	-0.030006
0.801	4.85	-0.0291038
0.801	4.9	-0.028238
0.801	4.95	-0.0273976
0.801	5	-0.0265936
0.851	0.05	-0.0442415
0.851	0.1	-0.10334
0.851	0.15	-0.160417
0.851	0.2	-0.214379
0.851	0.25	-0.263703
0.851	0.3	-0.306882
0.851	0.35	-0.343225
0.851	0.4	-0.372955
0.851	0.45	-0.396212
0.851	0.5	-0.414562
0.851	0.55	-0.427419
0.851	0.6	-0.436001
0.851	0.65	-0.441552
0.851	0.7	-0.444394
0.851	0.75	-0.443844
0.851	0.8	-0.441141
0.851	0.85	-0.436976
0.851	0.9	-0.432647
0.851	0.95	-0.425505
0.851	1	-0.417382
0.851	1.05	-0.408545
0.851	1.1	-0.399181
0.851	1.15	-0.389999
0.851	1.2	-0.380787
0.851	1.25	-0.370241
0.851	1.3	-0.359552
0.851	1.35	-0.348828
0.851	1.4	-0.338114
0.851	1.45	-0.327458
0.851	1.5	-0.316966
0.851	1.55	-0.306547
0.851	1.6	-0.296553
0.851	1.65	-0.287535
0.851	1.7	-0.277607
0.851	1.75	-0.267923
0.851	1.8	-0.258489
0.851	1.85	-0.249303
0.851	1.9	-0.240387
0.851	1.95	-0.231739
0.851	2	-0.223357
0.851	2.05	-0.215245
0.851	2.1	-0.20739
0.851	2.15	-0.199812
0.851	2.2	-0.192489
0.851	2.25	-0.185421
0.851	2.3	-0.178596
0.851	2.35	-0.172018
0.851	2.4	-0.165684
0.851	2.45	-0.15958
0.851	2.5	-0.153697
0.851	2.55	-0.14804
0.851	2.6	-0.142598
0.851	2.65	-0.137356
0.851	2.7	-0.132317
0.851	2.75	-0.127475
0.851	2.8	-0.122815
0.851	2.85	-0.118336
0.851	2.9	-0.114029
0.851	2.95	-0.109892
0.851	3	-0.105916
0.851	3.05	-0.102093
0.851	3.1	-0.0984219
0.851	3.15	-0.0948967
0.851	3.2	-0.0915061
0.851	3.25	-0.0882537
0.851	3.3	-0.0851287
0.851	3.35	-0.0821237
0.851	3.4	-0.0792352
0.851	3.45	-0.0764594
0.851	3.5	-0.0738
0.851	3.55	-0.0712389
0.851	3.6	-0.068776
0.851	3.65	-0.0664149
0.851	3.7	-0.0641448
0.851	3.75	-0.0619657
0.851	3.8	-0.0598666
0.851	3.85	-0.0578511
0.851	3.9	-0.0559194
0.851	3.95	-0.0540531
0.851	4	-0.0522632
0.851	4.05	-0.0505424
0.851	4.1	-0.0488872
0.851	4.15	-0.0472974
0.851	4.2	-0.0457658
0.851	4.25	-0.044296
0.851	4.3	-0.0428772
0.851	4.35	-0.0415166
0.851	4.4	-0.0402069
0.851	4.45	-0.0389482
0.851	4.5	-0.0377331
0.851	4.55	-0.0365653
0.851	4.6	-0.0354412
0.851	4.65	-0.0343607
0.851	4.7	-0.033313
0.851	4.75	-0.0323125
0.851	4.8	-0.0313448
0.851	4.85	-0.0304099
0.851	4.9	-0.0295149
0.851	4.95	-0.0286527
0.851	5	-0.0278196
0.901	0.05	-0.0408472
0.901	0.1	-0.0966575
0.901	0.15	-0.150681
0.901	0.2	-0.201984
0.901	0.25	-0.249336
0.901	0.3	-0.291417
0.901	0.35	-0.327349
0.901	0.4	-0.357282
0.901	0.45	-0.381144
0.901	0.5	-0.399679
0.901	0.55	-0.4141
0.901	0.6	-0.423777
0.901	0.65	-0.429918
0.901	0.7	-0.434302
0.901	0.75	-0.434837
0.901	0.8	-0.433181
0.901	0.85	-0.429747
0.901	0.9	-0.424869
0.901	0.95	-0.420318
0.901	1	-0.413038
0.901	1.05	-0.404936
0.901	1.1	-0.396194
0.901	1.15	-0.386965
0.901	1.2	-0.377411
0.901	1.25	-0.369178
0.901	1.3	-0.358985
0.901	1.35	-0.348711
0.901	1.4	-0.33839
0.901	1.45	-0.328109
0.901	1.5	-0.31789
0.901	1.55	-0.307784
0.901	1.6	-0.297816
0.901	1.65	-0.288059
0.901	1.7	-0.278458
0.901	1.75	-0.269101
0.901	1.8	-0.260305
0.901	1.85	-0.251846
0.901	1.9	-0.243046
0.901	1.95	-0.23449
0.901	2	-0.226195
0.901	2.05	-0.218148
0.901	2.1	-0.210355
0.901	2.15	-0.20281
0.901	2.2	-0.19552
0.901	2.25	-0.188469
0.901	2.3	-0.181662
0.901	2.35	-0.175092
0.901	2.4	-0.168759
0.901	2.45	-0.162647
0.901	2.5	-0.156753
0.901	2.55	-0.151078
0.901	2.6	-0.14561
0.901	2.65	-0.14035
0.901	2.7	-0.135282
0.901	2.75	-0.130403
0.901	2.8	-0.12571
0.901	2.85	-0.121196
0.901	2.9	-0.116852
0.901	2.95	-0.112675
0.901	3	-0.108656
0.901	3.05	-0.104796
0.901	3.1	-0.101081
0.901	3.15	-0.0975124
0.901	3.2	-0.0940745
0.901	3.25	-0.0907748
0.901	3.3	-0.0876025
0.901	3.35	-0.0845503
0.901	3.4	-0.0816181
0.901	3.45	-0.0788023
0.901	3.5	-0.076092
0.901	3.55	-0.0734872
0.901	3.6	-0.0709842
0.901	3.65	-0.0685795
0.901	3.7	-0.0662621
0.901	3.75	-0.0640357
0.901	3.8	-0.0618966
0.901	3.85	-0.0598411
0.901	3.9	-0.0578621
0.901	3.95	-0.0559594
0.901	4	-0.0541258
0.901	4.05	-0.0523687
0.901	4.1	-0.0506734
0.901	4.15	-0.0490436
0.901	4.2	-0.0474756
0.901	4.25	-0.0459659
0.901	4.3	-0.0445143
0.901	4.35	-0.043121
0.901	4.4	-0.0417749
0.901	4.45	-0.0404798
0.901	4.5	-0.039232
0.901	4.55	-0.0380314
0.901	4.6	-0.0368746
0.901	4.65	-0.0357613
0.901	4.7	-0.0346881
0.901	4.75	-0.0336549
0.901	4.8	-0.0326618
0.901	4.85	-0.0316977
0.901	4.9	-0.0307737
0.901	4.95	-0.0298787
0.901	5	-0.0290238
0.951	0.05	-0.0378095
0.951	0.1	-0.0906839
0.951	0.15	-0.141965
0.951	0.2	-0.190837
0.951	0.25	-0.236301
0.951	0.3	-0.277199
0.951	0.35	-0.312648
0.951	0.4	-0.342432
0.951	0.45	-0.366872
0.951	0.5	-0.386044
0.951	0.55	-0.40084
0.951	0.6	-0.411921
0.951	0.65	-0.419041
0.951	0.7	-0.423159
0.951	0.75	-0.425916
0.951	0.8	-0.425254
0.951	0.85	-0.422733
0.951	0.9	-0.418655
0.951	0.95	-0.413369
0.951	1	-0.408516
0.951	1.05	-0.401156
0.951	1.1	-0.393095
0.951	1.15	-0.384443
0.951	1.2	-0.375414
0.951	1.25	-0.366064
0.951	1.3	-0.356587
0.951	1.35	-0.348304
0.951	1.4	-0.338394
0.951	1.45	-0.328466
0.951	1.5	-0.318585
0.951	1.55	-0.308773
0.951	1.6	-0.299067
0.951	1.65	-0.289514
0.951	1.7	-0.280121
0.951	1.75	-0.270909
0.951	1.8	-0.26192
0.951	1.85	-0.25312
0.951	1.9	-0.244534
0.951	1.95	-0.236214
0.951	2	-0.228363
0.951	2.05	-0.220825
0.951	2.1	-0.213095
0.951	2.15	-0.205604
0.951	2.2	-0.19835
0.951	2.25	-0.191332
0.951	2.3	-0.184547
0.951	2.35	-0.177988
0.951	2.4	-0.171658
0.951	2.45	-0.16555
0.951	2.5	-0.159653
0.951	2.55	-0.153967
0.951	2.6	-0.148484
0.951	2.65	-0.143202
0.951	2.7	-0.138112
0.951	2.75	-0.133208
0.951	2.8	-0.128486
0.951	2.85	-0.123939
0.951	2.9	-0.119562
0.951	2.95	-0.115346
0.951	3	-0.111293
0.951	3.05	-0.107393
0.951	3.1	-0.103642
0.951	3.15	-0.100026
0.951	3.2	-0.0965556
0.951	3.25	-0.0932123
0.951	3.3	-0.09
0.951	3.35	-0.086904
0.951	3.4	-0.0839282
0.951	3.45	-0.0810687
0.951	3.5	-0.0783184
0.951	3.55	-0.07567
0.951	3.6	-0.0731234
0.951	3.65	-0.070675
0.951	3.7	-0.0683212
0.951	3.75	-0.0660548
0.951	3.8	-0.063872
0.951	3.85	-0.0617765
0.951	3.9	-0.0597574
0.951	3.95	-0.0578148
0.951	4	-0.0559485
0.951	4.05	-0.0541513
0.951	4.1	-0.0524196
0.951	4.15	-0.0507534
0.951	4.2	-0.0491491
0.951	4.25	-0.0476066
0.951	4.3	-0.0461187
0.951	4.35	-0.0446853
0.951	4.4	-0.0433101
0.951	4.45	-0.0419786
0.951	4.5	-0.0407053
0.951	4.55	-0.0394684
0.951	4.6	-0.0382825
0.951	4.65	-0.0371365
0.951	4.7	-0.0360378
0.951	4.75	-0.0349755
0.951	4.8	-0.0339496
0.951	4.85	-0.0329637
0.951	4.9	-0.0320106
0.951	4.95	-0.0310902
0.951	5	-0.0302061
1.001	0.05	-0.0350883
1.001	0.1	-0.0853142
1.001	0.15	-0.134114
1.001	0.2	-0.180757
1.001	0.25	-0.224427
1.001	0.3	-0.264117
1.001	0.35	-0.298973
1.001	0.4	-0.328619
1.001	0.45	-0.353342
1.001	0.5	-0.37306
1.001	0.55	-0.388365
1.001	0.6	-0.400421
1.001	0.65	-0.40845
1.001	0.7	-0.413456
1.001	0.75	-0.415945
1.001	0.8	-0.417356
1.001	0.85	-0.415715
1.001	0.9	-0.412481
1.001	0.95	-0.407912
1.001	1	-0.40231
1.001	1.05	-0.39626
1.001	1.1	-0.38978
1.001	1.15	-0.381773
1.001	1.2	-0.373286
1.001	1.25	-0.364445
1.001	1.3	-0.355358
1.001	1.35	-0.346059
1.001	1.4	-0.336724
1.001	1.45	-0.327778
1.001	1.5	-0.319014
1.001	1.55	-0.309494
1.001	1.6	-0.30006
1.001	1.65	-0.290747
1.001	1.7	-0.281558
1.001	1.75	-0.272546
1.001	1.8	-0.263703
1.001	1.85	-0.255055
1.001	1.9	-0.246589
1.001	1.95	-0.238353
1.001	2	-0.230342
1.001	2.05	-0.222535
1.001	2.1	-0.214943
1.001	2.15	-0.207612
1.001	2.2	-0.200464
1.001	2.25	-0.193591
1.001	2.3	-0.187254
1.001	2.35	-0.18072
1.001	2.4	-0.174397
1.001	2.45	-0.168297
1.001	2.5	-0.162399
1.001	2.55	-0.15671
1.001	2.6	-0.151216
1.001	2.65	-0.145919
1.001	2.7	-0.140812
1.001	2.75	-0.135886
1.001	2.8	-0.131142
1.001	2.85	-0.126565
1.001	2.9	-0.12216
1.001	2.95	-0.117918
1.001	3	-0.113829
1.001	3.05	-0.109892
1.001	3.1	-0.106105
1.001	3.15	-0.10246
1.001	3.2	-0.0989457
1.001	3.25	-0.0955661
1.001	3.3	-0.0923137
1.001	3.35	-0.0891814
1.001	3.4	-0.0861692
1.001	3.45	-0.0832697
1.001	3.5	-0.0804757
1.001	3.55	-0.0777909
1.001	3.6	-0.0752079
1.001	3.65	-0.0727159
1.001	3.7	-0.0703258
1.001	3.75	-0.0680193
1.001	3.8	-0.0658001
1.001	3.85	-0.0636646
1.001	3.9	-0.0616092
1.001	3.95	-0.0596301
1.001	4	-0.0577238
1.001	4.05	-0.0558903
1.001	4.1	-0.0541222
1.001	4.15	-0.0524233
1.001	4.2	-0.0507862
1.001	4.25	-0.0492073
1.001	4.3	-0.0476903
1.001	4.35	-0.0462242
1.001	4.4	-0.044809
1.001	4.45	-0.043452
1.001	4.5	-0.0421423
1.001	4.55	-0.0408836
1.001	4.6	-0.0396649
1.001	4.65	-0.0385407
1.001	4.7	-0.0374166
1.001	4.75	-0.0363252
1.001	4.8	-0.0352738
1.001	4.85	-0.0342516
1.001	4.9	-0.033273
1.001	4.95	-0.0323234
1.001	5	-0.0314103
1.051	0.05	-0.0326254
1.051	0.1	-0.0804575
1.051	0.15	-0.127005
1.051	0.2	-0.171607
1.051	0.25	-0.213578
1.051	0.3	-0.252043
1.051	0.35	-0.28624
1.051	0.4	-0.315678
1.051	0.45	-0.340526
1.051	0.5	-0.360691
1.051	0.55	-0.376589
1.051	0.6	-0.388784
1.051	0.65	-0.398151
1.051	0.7	-0.404019
1.051	0.75	-0.407279
1.051	0.8	-0.408389
1.051	0.85	-0.408712
1.051	0.9	-0.406271
1.051	0.95	-0.402455
1.051	1	-0.397504
1.051	1.05	-0.391548
1.051	1.1	-0.385062
1.051	1.15	-0.378906
1.051	1.2	-0.370983
1.051	1.25	-0.362652
1.051	1.3	-0.353979
1.051	1.35	-0.345117
1.051	1.4	-0.336131
1.051	1.45	-0.327022
1.051	1.5	-0.317956
1.051	1.55	-0.308966
1.051	1.6	-0.300828
1.051	1.65	-0.291748
1.051	1.7	-0.28278
1.051	1.75	-0.273951
1.051	1.8	-0.265289
1.051	1.85	-0.256783
1.051	1.9	-0.24847
1.051	1.95	-0.240343
1.051	2	-0.232416
1.051	2.05	-0.224696
1.051	2.1	-0.217191
1.051	2.15	-0.20989
1.051	2.2	-0.202806
1.051	2.25	-0.195942
1.051	2.3	-0.189277
1.051	2.35	-0.182823
1.051	2.4	-0.176573
1.051	2.45	-0.170538
1.051	2.5	-0.164691
1.051	2.55	-0.159071
1.051	2.6	-0.153603
1.051	2.65	-0.14851
1.051	2.7	-0.143391
1.051	2.75	-0.138451
1.051	2.8	-0.133681
1.051	2.85	-0.129086
1.051	2.9	-0.124659
1.051	2.95	-0.120388
1.051	3	-0.116273
1.051	3.05	-0.112308
1.051	3.1	-0.108485
1.051	3.15	-0.104807
1.051	3.2	-0.10126
1.051	3.25	-0.0978434
1.051	3.3	-0.0945547
1.051	3.35	-0.0913897
1.051	3.4	-0.088341
1.051	3.45	-0.0854016
1.051	3.5	-0.0825748
1.051	3.55	-0.07985
1.051	3.6	-0.0772307
1.051	3.65	-0.0747023
1.051	3.7	-0.0722721
1.051	3.75	-0.0699292
1.051	3.8	-0.0676737
1.051	3.85	-0.0655054
1.051	3.9	-0.0634136
1.051	3.95	-0.0614018
1.051	4	-0.0594591
1.051	4.05	-0.0575928
1.051	4.1	-0.055792
1.051	4.15	-0.0540931
1.051	4.2	-0.0524342
1.051	4.25	-0.0508298
1.051	4.3	-0.0492764
1.051	4.35	-0.0477776
1.051	4.4	-0.0463406
1.051	4.45	-0.0449472
1.051	4.5	-0.0436085
1.051	4.55	-0.0423133
1.051	4.6	-0.0410655
1.051	4.65	-0.0398613
1.051	4.7	-0.0387008
1.051	4.75	-0.0375803
1.051	4.8	-0.0364998
1.051	4.85	-0.0354594
1.051	4.9	-0.0344517
1.051	4.95	-0.033484
1.051	5	-0.0325417
1.101	0.05	-0.030388
1.101	0.1	-0.0760483
1.101	0.15	-0.120541
1.101	0.2	-0.163269
1.101	0.25	-0.203643
1.101	0.3	-0.240918
1.101	0.35	-0.274387
1.101	0.4	-0.303542
1.101	0.45	-0.328258
1.101	0.5	-0.348886
1.101	0.55	-0.365322
1.101	0.6	-0.378066
1.101	0.65	-0.387736
1.101	0.7	-0.394768
1.101	0.75	-0.398839
1.101	0.8	-0.400694
1.101	0.85	-0.40064
1.101	0.9	-0.400043
1.101	0.95	-0.396951
1.101	1	-0.392669
1.101	1.05	-0.387379
1.101	1.1	-0.381257
1.101	1.15	-0.374526
1.101	1.2	-0.36848
1.101	1.25	-0.36064
1.101	1.3	-0.352455
1.101	1.35	-0.344011
1.101	1.4	-0.335367
1.101	1.45	-0.32664
1.101	1.5	-0.317836
1.101	1.55	-0.309006
1.101	1.6	-0.300253
1.101	1.65	-0.291631
1.101	1.7	-0.283795
1.101	1.75	-0.275166
1.101	1.8	-0.266671
1.101	1.85	-0.258322
1.101	1.9	-0.250144
1.101	1.95	-0.242137
1.101	2	-0.234329
1.101	2.05	-0.226701
1.101	2.1	-0.219276
1.101	2.15	-0.212043
1.101	2.2	-0.205018
1.101	2.25	-0.198193
1.101	2.3	-0.191569
1.101	2.35	-0.185148
1.101	2.4	-0.178927
1.101	2.45	-0.172899
1.101	2.5	-0.167063
1.101	2.55	-0.161421
1.101	2.6	-0.155971
1.101	2.65	-0.150696
1.101	2.7	-0.145599
1.101	2.75	-0.140677
1.101	2.8	-0.135926
1.101	2.85	-0.131335
1.101	2.9	-0.126911
1.101	2.95	-0.122636
1.101	3	-0.118518
1.101	3.05	-0.114545
1.101	3.1	-0.110711
1.101	3.15	-0.107015
1.101	3.2	-0.10345
1.101	3.25	-0.100019
1.101	3.3	-0.0967048
1.101	3.35	-0.0935142
1.101	3.4	-0.0904402
1.101	3.45	-0.0874752
1.101	3.5	-0.0846194
1.101	3.55	-0.0818691
1.101	3.6	-0.0792134
1.101	3.65	-0.0766595
1.101	3.7	-0.0741966
1.101	3.75	-0.0718246
1.101	3.8	-0.06954
1.101	3.85	-0.0673353
1.101	3.9	-0.0652108
1.101	3.95	-0.0631662
1.101	4	-0.0611908
1.101	4.05	-0.0592881
1.101	4.1	-0.0574582
1.101	4.15	-0.0556938
1.101	4.2	-0.0539876
1.101	4.25	-0.0523469
1.101	4.3	-0.0507607
1.101	4.35	-0.0492328
1.101	4.4	-0.047763
1.101	4.45	-0.0463406
1.101	4.5	-0.0449763
1.101	4.55	-0.0436521
1.101	4.6	-0.0423752
1.101	4.65	-0.0411455
1.101	4.7	-0.0399632
1.101	4.75	-0.0388136
1.101	4.8	-0.0377113
1.101	4.85	-0.0366417
1.101	4.9	-0.0356122
1.101	4.95	-0.034619
1.101	5	-0.0336586
1.151	0.05	-0.0283508
1.151	0.1	-0.0720247
1.151	0.15	-0.114633
1.151	0.2	-0.15564
1.151	0.25	-0.194515
1.151	0.3	-0.230626
1.151	0.35	-0.263331
1.151	0.4	-0.292126
1.151	0.45	-0.316802
1.151	0.5	-0.33763
1.151	0.55	-0.354481
1.151	0.6	-0.367774
1.151	0.65	-0.377866
1.151	0.7	-0.385742
1.151	0.75	-0.39053
1.151	0.8	-0.393095
1.151	0.85	-0.393746
1.151	0.9	-0.39288
1.151	0.95	-0.39141
1.151	1	-0.387779
1.151	1.05	-0.383101
1.151	1.1	-0.377579
1.151	1.15	-0.371325
1.151	1.2	-0.364576
1.151	1.25	-0.357395
1.151	1.3	-0.350738
1.151	1.35	-0.342701
1.151	1.4	-0.334454
1.151	1.45	-0.326065
1.151	1.5	-0.317559
1.151	1.55	-0.309021
1.151	1.6	-0.300512
1.151	1.65	-0.291999
1.151	1.7	-0.283566
1.151	1.75	-0.275249
1.151	1.8	-0.267115
1.151	1.85	-0.259675
1.151	1.9	-0.251643
1.151	1.95	-0.243766
1.151	2	-0.236061
1.151	2.05	-0.228534
1.151	2.1	-0.221189
1.151	2.15	-0.214037
1.151	2.2	-0.207081
1.151	2.25	-0.200307
1.151	2.3	-0.19373
1.151	2.35	-0.187345
1.151	2.4	-0.181153
1.151	2.45	-0.175147
1.151	2.5	-0.16933
1.151	2.55	-0.163702
1.151	2.6	-0.158248
1.151	2.65	-0.152977
1.151	2.7	-0.147877
1.151	2.75	-0.142951
1.151	2.8	-0.138192
1.151	2.85	-0.13359
1.151	2.9	-0.129148
1.151	2.95	-0.124859
1.151	3	-0.120719
1.151	3.05	-0.116721
1.151	3.1	-0.112865
1.151	3.15	-0.10915
1.151	3.2	-0.10556
1.151	3.25	-0.1021
1.151	3.3	-0.0987602
1.151	3.35	-0.0955406
1.151	3.4	-0.0924374
1.151	3.45	-0.0894433
1.151	3.5	-0.0865584
1.151	3.55	-0.0837754
1.151	3.6	-0.0810905
1.151	3.65	-0.0785076
1.151	3.7	-0.0760119
1.151	3.75	-0.0736072
1.151	3.8	-0.0712898
1.151	3.85	-0.0690561
1.151	3.9	-0.0668988
1.151	3.95	-0.0648215
1.151	4	-0.062817
1.151	4.05	-0.0608852
1.151	4.1	-0.0590226
1.151	4.15	-0.0572254
1.151	4.2	-0.0554937
1.151	4.25	-0.0538239
1.151	4.3	-0.0522123
1.151	4.35	-0.0506589
1.151	4.4	-0.0491564
1.151	4.45	-0.0477121
1.151	4.5	-0.0463151
1.151	4.55	-0.0449654
1.151	4.6	-0.0436667
1.151	4.65	-0.0424116
1.151	4.7	-0.0411965
1.151	4.75	-0.040025
1.151	4.8	-0.0388973
1.151	4.85	-0.0378059
1.151	4.9	-0.0367545
1.151	4.95	-0.0357359
1.151	5	-0.03475
1.201	0.05	-0.0264845
1.201	0.1	-0.0683358
1.201	0.15	-0.109219
1.201	0.2	-0.14863
1.201	0.25	-0.186104
1.201	0.3	-0.221091
1.201	0.35	-0.253018
1.201	0.4	-0.281398
1.201	0.45	-0.305976
1.201	0.5	-0.326752
1.201	0.55	-0.344098
1.201	0.6	-0.357857
1.201	0.65	-0.368527
1.201	0.7	-0.37644
1.201	0.75	-0.382395
1.201	0.8	-0.385626
1.201	0.85	-0.386957
1.201	0.9	-0.386604
1.201	0.95	-0.384949
1.201	1	-0.382843
1.201	1.05	-0.378765
1.201	1.1	-0.373788
1.201	1.15	-0.368073
1.201	1.2	-0.361757
1.201	1.25	-0.354907
1.201	1.3	-0.347711
1.201	1.35	-0.341246
1.201	1.4	-0.333366
1.201	1.45	-0.325312
1.201	1.5	-0.317141
1.201	1.55	-0.308897
1.201	1.6	-0.300613
1.201	1.65	-0.292355
1.201	1.7	-0.284141
1.201	1.75	-0.275995
1.201	1.8	-0.267934
1.201	1.85	-0.260032
1.201	1.9	-0.252221
1.201	1.95	-0.244803
1.201	2	-0.237636
1.201	2.05	-0.230211
1.201	2.1	-0.222964
1.201	2.15	-0.215889
1.201	2.2	-0.208991
1.201	2.25	-0.202279
1.201	2.3	-0.195749
1.201	2.35	-0.189408
1.201	2.4	-0.183249
1.201	2.45	-0.177271
1.201	2.5	-0.17148
1.201	2.55	-0.165863
1.201	2.6	-0.160424
1.201	2.65	-0.155156
1.201	2.7	-0.150059
1.201	2.75	-0.14513
1.201	2.8	-0.14036
1.201	2.85	-0.135751
1.201	2.9	-0.131302
1.201	2.95	-0.126998
1.201	3	-0.12284
1.201	3.05	-0.118827
1.201	3.1	-0.114949
1.201	3.15	-0.111209
1.201	3.2	-0.107597
1.201	3.25	-0.104108
1.201	3.3	-0.100747
1.201	3.35	-0.0975015
1.201	3.4	-0.0943692
1.201	3.45	-0.0913496
1.201	3.5	-0.0884356
1.201	3.55	-0.0856235
1.201	3.6	-0.0829132
1.201	3.65	-0.0802975
1.201	3.7	-0.0777763
1.201	3.75	-0.0753389
1.201	3.8	-0.0729924
1.201	3.85	-0.0707296
1.201	3.9	-0.0685468
1.201	3.95	-0.0664404
1.201	4	-0.0644068
1.201	4.05	-0.0624459
1.201	4.1	-0.0605542
1.201	4.15	-0.0587279
1.201	4.2	-0.0569671
1.201	4.25	-0.0552718
1.201	4.3	-0.0536311
1.201	4.35	-0.0520522
1.201	4.4	-0.0505206
1.201	4.45	-0.0490509
1.201	4.5	-0.0476248
1.201	4.55	-0.0462533
1.201	4.6	-0.044929
1.201	4.65	-0.0436485
1.201	4.7	-0.0424116
1.201	4.75	-0.0412183
1.201	4.8	-0.0400651
1.201	4.85	-0.0389518
1.201	4.9	-0.0378786
1.201	4.95	-0.0368345
1.201	5	-0.0358305
1.251	0.05	-0.0247674
1.251	0.1	-0.0649488
1.251	0.15	-0.104239
1.251	0.2	-0.142176
1.251	0.25	-0.17833
1.251	0.3	-0.21224
1.251	0.35	-0.243381
1.251	0.4	-0.271306
1.251	0.45	-0.29572
1.251	0.5	-0.316559
1.251	0.55	-0.334134
1.251	0.6	-0.348304
1.251	0.65	-0.359454
1.251	0.7	-0.367876
1.251	0.75	-0.37405
1.251	0.8	-0.378292
1.251	0.85	-0.380234
1.251	0.9	-0.380507
1.251	0.95	-0.379358
1.251	1	-0.377015
1.251	1.05	-0.374384
1.251	1.1	-0.36995
1.251	1.15	-0.364736
1.251	1.2	-0.358876
1.251	1.25	-0.352513
1.251	1.3	-0.34567
1.251	1.35	-0.338554
1.251	1.4	-0.331213
1.251	1.45	-0.32442
1.251	1.5	-0.316559
1.251	1.55	-0.308602
1.251	1.6	-0.300584
1.251	1.65	-0.29257
1.251	1.7	-0.284566
1.251	1.75	-0.27661
1.251	1.8	-0.268741
1.251	1.85	-0.260967
1.251	1.9	-0.253287
1.251	1.95	-0.245745
1.251	2	-0.238379
1.251	2.05	-0.231114
1.251	2.1	-0.224085
1.251	2.15	-0.217591
1.251	2.2	-0.210766
1.251	2.25	-0.204116
1.251	2.3	-0.197648
1.251	2.35	-0.191347
1.251	2.4	-0.185224
1.251	2.45	-0.17928
1.251	2.5	-0.17351
1.251	2.55	-0.167911
1.251	2.6	-0.162487
1.251	2.65	-0.15723
1.251	2.7	-0.152137
1.251	2.75	-0.147211
1.251	2.8	-0.142441
1.251	2.85	-0.137825
1.251	2.9	-0.133365
1.251	2.95	-0.12905
1.251	3	-0.124877
1.251	3.05	-0.12085
1.251	3.1	-0.116957
1.251	3.15	-0.113199
1.251	3.2	-0.109565
1.251	3.25	-0.106058
1.251	3.3	-0.102671
1.251	3.35	-0.0994041
1.251	3.4	-0.0962464
1.251	3.45	-0.0931977
1.251	3.5	-0.0902583
1.251	3.55	-0.0874243
1.251	3.6	-0.0846812
1.251	3.65	-0.0820401
1.251	3.7	-0.0794898
1.251	3.75	-0.0770306
1.251	3.8	-0.074655
1.251	3.85	-0.072363
1.251	3.9	-0.0701511
1.251	3.95	-0.0680157
1.251	4	-0.0659602
1.251	4.05	-0.0639702
1.251	4.1	-0.062053
1.251	4.15	-0.0602013
1.251	4.2	-0.0584114
1.251	4.25	-0.056687
1.251	4.3	-0.0550208
1.251	4.35	-0.0534128
1.251	4.4	-0.051863
1.251	4.45	-0.0503605
1.251	4.5	-0.0489163
1.251	4.55	-0.0475156
1.251	4.6	-0.0461696
1.251	4.65	-0.0448636
1.251	4.7	-0.0436048
1.251	4.75	-0.0423897
1.251	4.8	-0.0412147
1.251	4.85	-0.0400796
1.251	4.9	-0.0389809
1.251	4.95	-0.0379223
1.251	5	-0.0368927
1.301	0.05	-0.0231885
1.301	0.1	-0.0618202
1.301	0.15	-0.0996333
1.301	0.2	-0.136202
1.301	0.25	-0.171131
1.301	0.3	-0.204011
1.301	0.35	-0.23437
1.301	0.4	-0.261807
1.301	0.45	-0.286003
1.301	0.5	-0.30686
1.301	0.55	-0.324479
1.301	0.6	-0.339096
1.301	0.65	-0.350676
1.301	0.7	-0.359596
1.301	0.75	-0.366123
1.301	0.8	-0.37107
1.301	0.85	-0.373606
1.301	0.9	-0.374461
1.301	0.95	-0.373842
1.301	1	-0.371998
1.301	1.05	-0.369117
1.301	1.1	-0.366039
1.301	1.15	-0.361324
1.301	1.2	-0.355925
1.301	1.25	-0.349981
1.301	1.3	-0.34356
1.301	1.35	-0.336768
1.301	1.4	-0.329685
1.301	1.45	-0.32239
1.301	1.5	-0.315242
1.301	1.55	-0.308155
1.301	1.6	-0.300402
1.301	1.65	-0.292617
1.301	1.7	-0.284843
1.301	1.75	-0.277098
1.301	1.8	-0.269396
1.301	1.85	-0.261774
1.301	1.9	-0.254251
1.301	1.95	-0.246851
1.301	2	-0.239579
1.301	2.05	-0.232427
1.301	2.1	-0.225424
1.301	2.15	-0.218603
1.301	2.2	-0.211901
1.301	2.25	-0.205422
1.301	2.3	-0.199158
1.301	2.35	-0.193166
1.301	2.4	-0.187083
1.301	2.45	-0.181175
1.301	2.5	-0.175434
1.301	2.55	-0.169861
1.301	2.6	-0.164451
1.301	2.65	-0.159209
1.301	2.7	-0.154127
1.301	2.75	-0.149201
1.301	2.8	-0.144435
1.301	2.85	-0.139815
1.301	2.9	-0.135347
1.301	2.95	-0.131025
1.301	3	-0.126845
1.301	3.05	-0.122804
1.301	3.1	-0.118893
1.301	3.15	-0.115117
1.301	3.2	-0.111468
1.301	3.25	-0.107942
1.301	3.3	-0.104534
1.301	3.35	-0.101245
1.301	3.4	-0.0980654
1.301	3.45	-0.0949949
1.301	3.5	-0.0920336
1.301	3.55	-0.0891705
1.301	3.6	-0.0864056
1.301	3.65	-0.083739
1.301	3.7	-0.0811633
1.301	3.75	-0.0786749
1.301	3.8	-0.0762739
1.301	3.85	-0.0739565
1.301	3.9	-0.0717191
1.301	3.95	-0.0695582
1.301	4	-0.0674736
1.301	4.05	-0.0654618
1.301	4.1	-0.0635155
1.301	4.15	-0.0616383
1.301	4.2	-0.0598266
1.301	4.25	-0.0580731
1.301	4.3	-0.056385
1.301	4.35	-0.0547516
1.301	4.4	-0.0531763
1.301	4.45	-0.051652
1.301	4.5	-0.0501786
1.301	4.55	-0.0487598
1.301	4.6	-0.0473883
1.301	4.65	-0.0460604
1.301	4.7	-0.0447799
1.301	4.75	-0.0435393
1.301	4.8	-0.0423424
1.301	4.85	-0.0411856
1.301	4.9	-0.0400687
1.301	4.95	-0.0389846
1.301	5	-0.0379405
1.351	0.05	-0.0217296
1.351	0.1	-0.058928
1.351	0.15	-0.0953733
1.351	0.2	-0.130665
1.351	0.25	-0.164444
1.351	0.3	-0.196338
1.351	0.35	-0.22594
1.351	0.4	-0.252861
1.351	0.45	-0.276799
1.351	0.5	-0.297616
1.351	0.55	-0.315329
1.351	0.6	-0.330223
1.351	0.65	-0.342185
1.351	0.7	-0.351549
1.351	0.75	-0.358566
1.351	0.8	-0.363529
1.351	0.85	-0.367061
1.351	0.9	-0.368465
1.351	0.95	-0.368407
1.351	1	-0.367036
1.351	1.05	-0.36462
1.351	1.1	-0.361284
1.351	1.15	-0.357835
1.351	1.2	-0.352895
1.351	1.25	-0.347361
1.351	1.3	-0.341337
1.351	1.35	-0.334912
1.351	1.4	-0.328182
1.351	1.45	-0.321172
1.351	1.5	-0.314027
1.351	1.55	-0.306773
1.351	1.6	-0.300079
1.351	1.65	-0.292541
1.351	1.7	-0.284977
1.351	1.75	-0.277425
1.351	1.8	-0.269916
1.351	1.85	-0.262466
1.351	1.9	-0.255099
1.351	1.95	-0.247823
1.351	2	-0.240663
1.351	2.05	-0.233624
1.351	2.1	-0.226726
1.351	2.15	-0.21997
1.351	2.2	-0.213357
1.351	2.25	-0.206885
1.351	2.3	-0.20058
1.351	2.35	-0.194446
1.351	2.4	-0.188455
1.351	2.45	-0.182659
1.351	2.5	-0.17698
1.351	2.55	-0.171705
1.351	2.6	-0.166317
1.351	2.65	-0.16109
1.351	2.7	-0.156018
1.351	2.75	-0.151103
1.351	2.8	-0.146338
1.351	2.85	-0.141721
1.351	2.9	-0.137254
1.351	2.95	-0.132924
1.351	3	-0.128737
1.351	3.05	-0.124684
1.351	3.1	-0.120763
1.351	3.15	-0.116972
1.351	3.2	-0.113308
1.351	3.25	-0.109765
1.351	3.3	-0.106338
1.351	3.35	-0.103031
1.351	3.4	-0.0998298
1.351	3.45	-0.0967375
1.351	3.5	-0.0937544
1.351	3.55	-0.0908694
1.351	3.6	-0.0880827
1.351	3.65	-0.0853906
1.351	3.7	-0.0827931
1.351	3.75	-0.0802793
1.351	3.8	-0.0778527
1.351	3.85	-0.0755135
1.351	3.9	-0.0732507
1.351	3.95	-0.0710643
1.351	4	-0.0689543
1.351	4.05	-0.0669133
1.351	4.1	-0.0649452
1.351	4.15	-0.0630425
1.351	4.2	-0.061209
1.351	4.25	-0.0594337
1.351	4.3	-0.0577202
1.351	4.35	-0.0560649
1.351	4.4	-0.0544642
1.351	4.45	-0.052918
1.351	4.5	-0.0514228
1.351	4.55	-0.0499786
1.351	4.6	-0.0485852
1.351	4.65	-0.0472355
1.351	4.7	-0.0459331
1.351	4.75	-0.0446744
1.351	4.8	-0.0434557
1.351	4.85	-0.042277
1.351	4.9	-0.0411383
1.351	4.95	-0.040036
1.351	5	-0.03897
1.401	0.05	-0.020369
1.401	0.1	-0.0562395
1.401	0.15	-0.0914115
1.401	0.2	-0.125518
1.401	0.25	-0.158219
1.401	0.3	-0.189175
1.401	0.35	-0.218035
1.401	0.4	-0.244421
1.401	0.45	-0.268075
1.401	0.5	-0.288805
1.401	0.55	-0.306594
1.401	0.6	-0.321572
1.401	0.65	-0.333966
1.401	0.7	-0.343731
1.401	0.75	-0.351189
1.401	0.8	-0.35658
1.401	0.85	-0.360291
1.401	0.9	-0.362546
1.401	0.95	-0.362979
1.401	1	-0.362143
1.401	1.05	-0.360153
1.401	1.1	-0.357235
1.401	1.15	-0.35355
1.401	1.2	-0.349792
1.401	1.25	-0.344673
1.401	1.3	-0.339038
1.401	1.35	-0.332973
1.401	1.4	-0.32657
1.401	1.45	-0.319887
1.401	1.5	-0.31299
1.401	1.55	-0.305925
1.401	1.6	-0.298791
1.401	1.65	-0.291609
1.401	1.7	-0.284981
1.401	1.75	-0.277632
1.401	1.8	-0.270305
1.401	1.85	-0.263026
1.401	1.9	-0.255808
1.401	1.95	-0.248674
1.401	2	-0.241642
1.401	2.05	-0.234715
1.401	2.1	-0.227912
1.401	2.15	-0.22124
1.401	2.2	-0.214706
1.401	2.25	-0.208318
1.401	2.3	-0.202079
1.401	2.35	-0.195982
1.401	2.4	-0.190033
1.401	2.45	-0.184245
1.401	2.5	-0.178607
1.401	2.55	-0.173124
1.401	2.6	-0.167809
1.401	2.65	-0.162629
1.401	2.7	-0.157601
1.401	2.75	-0.152741
1.401	2.8	-0.148051
1.401	2.85	-0.143547
1.401	2.9	-0.13908
1.401	2.95	-0.134751
1.401	3	-0.130556
1.401	3.05	-0.126496
1.401	3.1	-0.122567
1.401	3.15	-0.118765
1.401	3.2	-0.115087
1.401	3.25	-0.11153
1.401	3.3	-0.108084
1.401	3.35	-0.104759
1.401	3.4	-0.101543
1.401	3.45	-0.0984328
1.401	3.5	-0.0954278
1.401	3.55	-0.0925211
1.401	3.6	-0.0897126
1.401	3.65	-0.0869986
1.401	3.7	-0.0843793
1.401	3.75	-0.0818472
1.401	3.8	-0.0793989
1.401	3.85	-0.0770306
1.401	3.9	-0.0747423
1.401	3.95	-0.0725377
1.401	4	-0.0704022
1.401	4.05	-0.0683394
1.401	4.1	-0.0663495
1.401	4.15	-0.064425
1.401	4.2	-0.062566
1.401	4.25	-0.0607688
1.401	4.3	-0.0590298
1.401	4.35	-0.0573491
1.401	4.4	-0.0557266
1.401	4.45	-0.0541586
1.401	4.5	-0.0526416
1.401	4.55	-0.0511791
1.401	4.6	-0.0497639
1.401	4.65	-0.0483924
1.401	4.7	-0.0470645
1.401	4.75	-0.0458058
1.401	4.8	-0.0445762
1.401	4.85	-0.0433756
1.401	4.9	-0.0422224
1.401	4.95	-0.0410946
1.401	5	-0.0400105
1.451	0.05	-0.0191103
1.451	0.1	-0.0537439
1.451	0.15	-0.0877262
1.451	0.2	-0.120723
1.451	0.25	-0.152402
1.451	0.3	-0.182474
1.451	0.35	-0.21061
1.451	0.4	-0.236472
1.451	0.45	-0.259806
1.451	0.5	-0.280408
1.451	0.55	-0.298234
1.451	0.6	-0.313343
1.451	0.65	-0.326021
1.451	0.7	-0.336142
1.451	0.75	-0.344011
1.451	0.8	-0.349846
1.451	0.85	-0.353881
1.451	0.9	-0.356689
1.451	0.95	-0.357617
1.451	1	-0.357242
1.451	1.05	-0.355736
1.451	1.1	-0.35323
1.451	1.15	-0.349912
1.451	1.2	-0.34591
1.451	1.25	-0.341912
1.451	1.3	-0.336651
1.451	1.35	-0.330947
1.451	1.4	-0.324864
1.451	1.45	-0.318498
1.451	1.5	-0.311895
1.451	1.55	-0.305114
1.451	1.6	-0.298172
1.451	1.65	-0.291206
1.451	1.7	-0.284115
1.451	1.75	-0.277276
1.451	1.8	-0.270571
1.451	1.85	-0.263462
1.451	1.9	-0.256397
1.451	1.95	-0.249405
1.451	2	-0.2425
1.451	2.05	-0.23569
1.451	2.1	-0.228993
1.451	2.15	-0.222415
1.451	2.2	-0.215965
1.451	2.25	-0.209642
1.451	2.3	-0.203461
1.451	2.35	-0.197426
1.451	2.4	-0.191529
1.451	2.45	-0.185788
1.451	2.5	-0.180189
1.451	2.55	-0.174743
1.451	2.6	-0.169443
1.451	2.65	-0.164284
1.451	2.7	-0.159271
1.451	2.75	-0.154407
1.451	2.8	-0.149685
1.451	2.85	-0.145108
1.451	2.9	-0.140662
1.451	2.95	-0.136355
1.451	3	-0.132175
1.451	3.05	-0.128126
1.451	3.1	-0.124215
1.451	3.15	-0.120413
1.451	3.2	-0.116735
1.451	3.25	-0.113196
1.451	3.3	-0.109747
1.451	3.35	-0.10644
1.451	3.4	-0.103202
1.451	3.45	-0.100077
1.451	3.5	-0.0970504
1.451	3.55	-0.0941291
1.451	3.6	-0.0913024
1.451	3.65	-0.0885666
1.451	3.7	-0.0859218
1.451	3.75	-0.0833716
1.451	3.8	-0.0808977
1.451	3.85	-0.0785112
1.451	3.9	-0.0762047
1.451	3.95	-0.0739747
1.451	4	-0.071821
1.451	4.05	-0.0697328
1.451	4.1	-0.0677173
1.451	4.15	-0.0657856
1.451	4.2	-0.0639047
1.451	4.25	-0.0620967
1.451	4.3	-0.0603359
1.451	4.35	-0.0586369
1.451	4.4	-0.0569926
1.451	4.45	-0.0554064
1.451	4.5	-0.0538676
1.451	4.55	-0.0523796
1.451	4.6	-0.050939
1.451	4.65	-0.0495529
1.451	4.7	-0.0482032
1.451	4.75	-0.0469045
1.451	4.8	-0.0456457
1.451	4.85	-0.044427
1.451	4.9	-0.0432483
1.451	4.95	-0.042106
1.451	5	-0.041
1.501	0.05	-0.0179316
1.501	0.1	-0.0514083
1.501	0.15	-0.0842847
1.501	0.2	-0.116237
1.501	0.25	-0.146967
1.501	0.3	-0.176195
1.501	0.35	-0.203625
1.501	0.4	-0.228963
1.501	0.45	-0.251959
1.501	0.5	-0.272401
1.501	0.55	-0.290227
1.501	0.6	-0.305452
1.501	0.65	-0.318236
1.501	0.7	-0.328775
1.501	0.75	-0.337011
1.501	0.8	-0.34324
1.501	0.85	-0.347663
1.501	0.9	-0.350508
1.501	0.95	-0.352306
1.501	1	-0.352386
1.501	1.05	-0.35132
1.501	1.1	-0.349246
1.501	1.15	-0.346299
1.501	1.2	-0.342654
1.501	1.25	-0.338405
1.501	1.3	-0.334192
1.501	1.35	-0.328844
1.501	1.4	-0.323089
1.501	1.45	-0.317024
1.501	1.5	-0.310698
1.501	1.55	-0.304171
1.501	1.6	-0.297496
1.501	1.65	-0.290707
1.501	1.7	-0.283842
1.501	1.75	-0.276978
1.501	1.8	-0.270058
1.501	1.85	-0.263386
1.501	1.9	-0.256874
1.501	1.95	-0.250027
1.501	2	-0.243246
1.501	2.05	-0.236552
1.501	2.1	-0.229957
1.501	2.15	-0.223481
1.501	2.2	-0.217115
1.501	2.25	-0.210868
1.501	2.3	-0.20476
1.501	2.35	-0.198783
1.501	2.4	-0.19294
1.501	2.45	-0.187243
1.501	2.5	-0.181684
1.501	2.55	-0.176267
1.501	2.6	-0.170996
1.501	2.65	-0.165863
1.501	2.7	-0.160875
1.501	2.75	-0.156026
1.501	2.8	-0.151318
1.501	2.85	-0.146745
1.501	2.9	-0.142307
1.501	2.95	-0.137999
1.501	3	-0.133819
1.501	3.05	-0.129774
1.501	3.1	-0.125849
1.501	3.15	-0.122047
1.501	3.2	-0.118358
1.501	3.25	-0.114789
1.501	3.3	-0.111337
1.501	3.35	-0.107993
1.501	3.4	-0.104756
1.501	3.45	-0.101623
1.501	3.5	-0.0985929
1.501	3.55	-0.095657
1.501	3.6	-0.0928158
1.501	3.65	-0.0900691
1.501	3.7	-0.0874134
1.501	3.75	-0.0848449
1.501	3.8	-0.0823602
1.501	3.85	-0.0799519
1.501	3.9	-0.0776272
1.501	3.95	-0.0753826
1.501	4	-0.073207
1.501	4.05	-0.0711043
1.501	4.1	-0.0690707
1.501	4.15	-0.0671025
1.501	4.2	-0.0651999
1.501	4.25	-0.0633627
1.501	4.3	-0.0615837
1.501	4.35	-0.0598629
1.501	4.4	-0.0581967
1.501	4.45	-0.0565851
1.501	4.5	-0.0550317
1.501	4.55	-0.0535219
1.501	4.6	-0.0520668
1.501	4.65	-0.0506552
1.501	4.7	-0.049291
1.501	4.75	-0.0479704
1.501	4.8	-0.0466898
1.501	4.85	-0.0454529
1.501	4.9	-0.044256
1.501	4.95	-0.0430955
1.501	5	-0.041975
1.551	0.05	-0.0168293
1.551	0.1	-0.0492291
1.551	0.15	-0.0810687
1.551	0.2	-0.112039
1.551	0.25	-0.141867
1.551	0.3	-0.170294
1.551	0.35	-0.197055
1.551	0.4	-0.221873
1.551	0.45	-0.244498
1.551	0.5	-0.264768
1.551	0.55	-0.282558
1.551	0.6	-0.297874
1.551	0.65	-0.310807
1.551	0.7	-0.321626
1.551	0.75	-0.33019
1.551	0.8	-0.336786
1.551	0.85	-0.341599
1.551	0.9	-0.344815
1.551	0.95	-0.346743
1.551	1	-0.347551
1.551	1.05	-0.346914
1.551	1.1	-0.345251
1.551	1.15	-0.342716
1.551	1.2	-0.339405
1.551	1.25	-0.33548
1.551	1.3	-0.331031
1.551	1.35	-0.326658
1.551	1.4	-0.321234
1.551	1.45	-0.31546
1.551	1.5	-0.309417
1.551	1.55	-0.303149
1.551	1.6	-0.29671
1.551	1.65	-0.290147
1.551	1.7	-0.283504
1.551	1.75	-0.276792
1.551	1.8	-0.270058
1.551	1.85	-0.263364
1.551	1.9	-0.256645
1.551	1.95	-0.250187
1.551	2	-0.243886
1.551	2.05	-0.237313
1.551	2.1	-0.23083
1.551	2.15	-0.224441
1.551	2.2	-0.218162
1.551	2.25	-0.212
1.551	2.3	-0.205957
1.551	2.35	-0.200045
1.551	2.4	-0.194264
1.551	2.45	-0.188611
1.551	2.5	-0.183096
1.551	2.55	-0.177719
1.551	2.6	-0.172477
1.551	2.65	-0.167376
1.551	2.7	-0.162407
1.551	2.75	-0.157575
1.551	2.8	-0.152879
1.551	2.85	-0.148317
1.551	2.9	-0.143886
1.551	2.95	-0.139586
1.551	3	-0.135409
1.551	3.05	-0.13136
1.551	3.1	-0.127435
1.551	3.15	-0.123626
1.551	3.2	-0.119937
1.551	3.25	-0.116361
1.551	3.3	-0.112897
1.551	3.35	-0.10954
1.551	3.4	-0.106291
1.551	3.45	-0.103144
1.551	3.5	-0.100095
1.551	3.55	-0.0971486
1.551	3.6	-0.0942928
1.551	3.65	-0.0915315
1.551	3.7	-0.0888576
1.551	3.75	-0.086271
1.551	3.8	-0.0837681
1.551	3.85	-0.0813452
1.551	3.9	-0.0789987
1.551	3.95	-0.0767322
1.551	4	-0.0745422
1.551	4.05	-0.0724212
1.551	4.1	-0.0703658
1.551	4.15	-0.0683794
1.551	4.2	-0.0664586
1.551	4.25	-0.064596
1.551	4.3	-0.0628024
1.551	4.35	-0.0610598
1.551	4.4	-0.0593755
1.551	4.45	-0.0577456
1.551	4.5	-0.0561668
1.551	4.55	-0.0546424
1.551	4.6	-0.0531654
1.551	4.65	-0.0517357
1.551	4.7	-0.0503533
1.551	4.75	-0.0490145
1.551	4.8	-0.0477194
1.551	4.85	-0.0464643
1.551	4.9	-0.0452492
1.551	4.95	-0.0440741
1.551	5	-0.0429318
1.601	0.05	-0.0157997
1.601	0.1	-0.0471882
1.601	0.15	-0.0780492
1.601	0.2	-0.108099
1.601	0.25	-0.137079
1.601	0.3	-0.164742
1.601	0.35	-0.190856
1.601	0.4	-0.215161
1.601	0.45	-0.237429
1.601	0.5	-0.257485
1.601	0.55	-0.275206
1.601	0.6	-0.290584
1.601	0.65	-0.303655
1.601	0.7	-0.314583
1.601	0.75	-0.323555
1.601	0.8	-0.330496
1.601	0.85	-0.335673
1.601	0.9	-0.339271
1.601	0.95	-0.341417
1.601	1	-0.342763
1.601	1.05	-0.342527
1.601	1.1	-0.341264
1.601	1.15	-0.339121
1.601	1.2	-0.336171
1.601	1.25	-0.332559
1.601	1.3	-0.328411
1.601	1.35	-0.323726
1.601	1.4	-0.318865
1.601	1.45	-0.313823
1.601	1.5	-0.308053
1.601	1.55	-0.302043
1.601	1.6	-0.295848
1.601	1.65	-0.289514
1.601	1.7	-0.283064
1.601	1.75	-0.276552
1.601	1.8	-0.270007
1.601	1.85	-0.26343
1.601	1.9	-0.256874
1.601	1.95	-0.25038
1.601	2	-0.243894
1.601	2.05	-0.237531
1.601	2.1	-0.231597
1.601	2.15	-0.225307
1.601	2.2	-0.219119
1.601	2.25	-0.21304
1.601	2.3	-0.20707
1.601	2.35	-0.20122
1.601	2.4	-0.195494
1.601	2.45	-0.189895
1.601	2.5	-0.184424
1.601	2.55	-0.17909
1.601	2.6	-0.173881
1.601	2.65	-0.168806
1.601	2.7	-0.163865
1.601	2.75	-0.159052
1.601	2.8	-0.15437
1.601	2.85	-0.149823
1.601	2.9	-0.145403
1.601	2.95	-0.14111
1.601	3	-0.136941
1.601	3.05	-0.132892
1.601	3.1	-0.128963
1.601	3.15	-0.125154
1.601	3.2	-0.121458
1.601	3.25	-0.117878
1.601	3.3	-0.114404
1.601	3.35	-0.111042
1.601	3.4	-0.107779
1.601	3.45	-0.104621
1.601	3.5	-0.101565
1.601	3.55	-0.0986038
1.601	3.6	-0.0957334
1.601	3.65	-0.092954
1.601	3.7	-0.0902619
1.601	3.75	-0.0876607
1.601	3.8	-0.0851396
1.601	3.85	-0.0827022
1.601	3.9	-0.0803411
1.601	3.95	-0.0780565
1.601	4	-0.0758446
1.601	4.05	-0.0737055
1.601	4.1	-0.0716318
1.601	4.15	-0.0696273
1.601	4.2	-0.0676846
1.601	4.25	-0.065811
1.601	4.3	-0.063992
1.601	4.35	-0.0622313
1.601	4.4	-0.0605323
1.601	4.45	-0.0588807
1.601	4.5	-0.0572873
1.601	4.55	-0.0557447
1.601	4.6	-0.0542495
1.601	4.65	-0.0528016
1.601	4.7	-0.051401
1.601	4.75	-0.050044
1.601	4.8	-0.0487307
1.601	4.85	-0.0474574
1.601	4.9	-0.0462278
1.601	4.95	-0.0450345
1.601	5	-0.0438813
1.651	0.05	0
1.651	0.1	-0.0452674
1.651	0.15	-0.0752079
1.651	0.2	-0.104392
1.651	0.25	-0.132572
1.651	0.3	-0.159514
1.651	0.35	-0.184998
1.651	0.4	-0.208802
1.651	0.45	-0.230702
1.651	0.5	-0.250537
1.651	0.55	-0.268166
1.651	0.6	-0.28357
1.651	0.65	-0.296768
1.651	0.7	-0.307853
1.651	0.75	-0.317097
1.651	0.8	-0.324348
1.651	0.85	-0.329863
1.651	0.9	-0.33381
1.651	0.95	-0.336342
1.651	1	-0.337634
1.651	1.05	-0.338157
1.651	1.1	-0.337284
1.651	1.15	-0.335491
1.651	1.2	-0.33293
1.651	1.25	-0.329648
1.651	1.3	-0.325788
1.651	1.35	-0.321452
1.651	1.4	-0.31665
1.651	1.45	-0.311702
1.651	1.5	-0.306616
1.651	1.55	-0.300861
1.651	1.6	-0.294898
1.651	1.65	-0.288786
1.651	1.7	-0.28254
1.651	1.75	-0.276221
1.651	1.8	-0.269847
1.651	1.85	-0.263448
1.651	1.9	-0.257049
1.651	1.95	-0.250653
1.651	2	-0.244298
1.651	2.05	-0.238037
1.651	2.1	-0.231801
1.651	2.15	-0.225697
1.651	2.2	-0.219989
1.651	2.25	-0.21399
1.651	2.3	-0.208096
1.651	2.35	-0.202315
1.651	2.4	-0.196647
1.651	2.45	-0.191103
1.651	2.5	-0.185675
1.651	2.55	-0.180382
1.651	2.6	-0.175209
1.651	2.65	-0.170163
1.651	2.7	-0.165248
1.651	2.75	-0.160464
1.651	2.8	-0.155804
1.651	2.85	-0.151271
1.651	2.9	-0.146862
1.651	2.95	-0.142576
1.651	3	-0.138411
1.651	3.05	-0.134365
1.651	3.1	-0.13044
1.651	3.15	-0.126627
1.651	3.2	-0.122931
1.651	3.25	-0.119344
1.651	3.3	-0.115866
1.651	3.35	-0.112494
1.651	3.4	-0.109223
1.651	3.45	-0.106058
1.651	3.5	-0.102988
1.651	3.55	-0.100012
1.651	3.6	-0.097134
1.651	3.65	-0.0943401
1.651	3.7	-0.091637
1.651	3.75	-0.0890177
1.651	3.8	-0.086482
1.651	3.85	-0.0840264
1.651	3.9	-0.0816508
1.651	3.95	-0.079348
1.651	4	-0.0771179
1.651	4.05	-0.0749606
1.651	4.1	-0.0728724
1.651	4.15	-0.0708496
1.651	4.2	-0.0688924
1.651	4.25	-0.0669934
1.651	4.3	-0.0651635
1.651	4.35	-0.0633845
1.651	4.4	-0.0616637
1.651	4.45	-0.0599975
1.651	4.5	-0.0583823
1.651	4.55	-0.0568216
1.651	4.6	-0.0553118
1.651	4.65	-0.0538457
1.651	4.7	-0.0524306
1.651	4.75	-0.0510554
1.651	4.8	-0.0497239
1.651	4.85	-0.048436
1.651	4.9	-0.0471919
1.651	4.95	-0.0459804
1.651	5	-0.0448053
1.701	0.05	0
1.701	0.1	-0.0434593
1.701	0.15	-0.0725377
1.701	0.2	-0.100903
1.701	0.25	-0.128326
1.701	0.3	-0.154578
1.701	0.35	-0.179469
1.701	0.4	-0.202781
1.701	0.45	-0.224307
1.701	0.5	-0.243897
1.701	0.55	-0.261418
1.701	0.6	-0.276814
1.701	0.65	-0.290111
1.701	0.7	-0.301363
1.701	0.75	-0.310709
1.701	0.8	-0.318338
1.701	0.85	-0.324173
1.701	0.9	-0.328459
1.701	0.95	-0.33134
1.701	1	-0.332941
1.701	1.05	-0.33345
1.701	1.1	-0.333312
1.701	1.15	-0.331878
1.701	1.2	-0.329641
1.701	1.25	-0.32672
1.701	1.3	-0.323169
1.701	1.35	-0.319098
1.701	1.4	-0.314616
1.701	1.45	-0.309727
1.701	1.5	-0.304557
1.701	1.55	-0.299595
1.701	1.6	-0.29388
1.701	1.65	-0.287975
1.701	1.7	-0.28194
1.701	1.75	-0.275806
1.701	1.8	-0.269607
1.701	1.85	-0.263368
1.701	1.9	-0.257118
1.701	1.95	-0.250875
1.701	2	-0.244661
1.701	2.05	-0.238473
1.701	2.1	-0.232354
1.701	2.15	-0.226326
1.701	2.2	-0.220352
1.701	2.25	-0.214506
1.701	2.3	-0.208813
1.701	2.35	-0.203327
1.701	2.4	-0.197721
1.701	2.45	-0.192227
1.701	2.5	-0.186858
1.701	2.55	-0.181597
1.701	2.6	-0.176467
1.701	2.65	-0.171458
1.701	2.7	-0.166572
1.701	2.75	-0.161806
1.701	2.8	-0.157168
1.701	2.85	-0.152653
1.701	2.9	-0.148255
1.701	2.95	-0.14398
1.701	3	-0.139826
1.701	3.05	-0.135788
1.701	3.1	-0.131862
1.701	3.15	-0.128053
1.701	3.2	-0.124357
1.701	3.25	-0.120766
1.701	3.3	-0.117285
1.701	3.35	-0.113905
1.701	3.4	-0.110627
1.701	3.45	-0.107451
1.701	3.5	-0.10437
1.701	3.55	-0.101387
1.701	3.6	-0.0984946
1.701	3.65	-0.0956898
1.701	3.7	-0.0929722
1.701	3.75	-0.0903419
1.701	3.8	-0.0877917
1.701	3.85	-0.0853215
1.701	3.9	-0.0829241
1.701	3.95	-0.0806103
1.701	4	-0.0783621
1.701	4.05	-0.0761902
1.701	4.1	-0.0740874
1.701	4.15	-0.0720465
1.701	4.2	-0.0700747
1.701	4.25	-0.0681575
1.701	4.3	-0.0663094
1.701	4.35	-0.0645123
1.701	4.4	-0.062777
1.701	4.45	-0.0610962
1.701	4.5	-0.0594664
1.701	4.55	-0.0578875
1.701	4.6	-0.0563559
1.701	4.65	-0.0548789
1.701	4.7	-0.0534419
1.701	4.75	-0.0520486
1.701	4.8	-0.0507061
1.701	4.85	-0.0494001
1.701	4.9	-0.0481341
1.701	4.95	-0.0469081
1.701	5	-0.0457221
1.751	0.05	0
1.751	0.1	-0.0417567
1.751	0.15	-0.0700202
1.751	0.2	-0.0976106
1.751	0.25	-0.124313
1.751	0.3	-0.149914
1.751	0.35	-0.174226
1.751	0.4	-0.197058
1.751	0.45	-0.218224
1.751	0.5	-0.237556
1.751	0.55	-0.25495
1.751	0.6	-0.27032
1.751	0.65	-0.283679
1.751	0.7	-0.295066
1.751	0.75	-0.304586
1.751	0.8	-0.312481
1.751	0.85	-0.318607
1.751	0.9	-0.323194
1.751	0.95	-0.326399
1.751	1	-0.328346
1.751	1.05	-0.329142
1.751	1.1	-0.329088
1.751	1.15	-0.328262
1.751	1.2	-0.326363
1.751	1.25	-0.323744
1.751	1.3	-0.320524
1.751	1.35	-0.316741
1.751	1.4	-0.312506
1.751	1.45	-0.307908
1.751	1.5	-0.302938
1.751	1.55	-0.297754
1.751	1.6	-0.292777
1.751	1.65	-0.287098
1.751	1.7	-0.281267
1.751	1.75	-0.275319
1.751	1.8	-0.269294
1.751	1.85	-0.263219
1.751	1.9	-0.257121
1.751	1.95	-0.251006
1.751	2	-0.244916
1.751	2.05	-0.238862
1.751	2.1	-0.232845
1.751	2.15	-0.226901
1.751	2.2	-0.221018
1.751	2.25	-0.215237
1.751	2.3	-0.209533
1.751	2.35	-0.203912
1.751	2.4	-0.198434
1.751	2.45	-0.1931
1.751	2.5	-0.187963
1.751	2.55	-0.182754
1.751	2.6	-0.177657
1.751	2.65	-0.172684
1.751	2.7	-0.167827
1.751	2.75	-0.163087
1.751	2.8	-0.15847
1.751	2.85	-0.153974
1.751	2.9	-0.149594
1.751	2.95	-0.14533
1.751	3	-0.141186
1.751	3.05	-0.137155
1.751	3.1	-0.133237
1.751	3.15	-0.129428
1.751	3.2	-0.125732
1.751	3.25	-0.122138
1.751	3.3	-0.118656
1.751	3.35	-0.115273
1.751	3.4	-0.111988
1.751	3.45	-0.108805
1.751	3.5	-0.105716
1.751	3.55	-0.102722
1.751	3.6	-0.0998189
1.751	3.65	-0.0970031
1.751	3.7	-0.0942746
1.751	3.75	-0.0916298
1.751	3.8	-0.0890686
1.751	3.85	-0.0865839
1.751	3.9	-0.0841756
1.751	3.95	-0.0818436
1.751	4	-0.0795808
1.751	4.05	-0.0773944
1.751	4.1	-0.0752734
1.751	4.15	-0.073218
1.751	4.2	-0.071228
1.751	4.25	-0.0692999
1.751	4.3	-0.0674299
1.751	4.35	-0.0656219
1.751	4.4	-0.0638647
1.751	4.45	-0.0621694
1.751	4.5	-0.0605214
1.751	4.55	-0.058928
1.751	4.6	-0.0573818
1.751	4.65	-0.0558866
1.751	4.7	-0.0544351
1.751	4.75	-0.0530308
1.751	4.8	-0.0516702
1.751	4.85	-0.0503496
1.751	4.9	-0.0490691
1.751	4.95	-0.0478285
1.751	5	-0.0466243
1.801	0.05	0
1.801	0.1	-0.0401524
1.801	0.15	-0.0676446
1.801	0.2	-0.0945001
1.801	0.25	-0.120515
1.801	0.3	-0.145494
1.801	0.35	-0.169253
1.801	0.4	-0.191627
1.801	0.45	-0.212425
1.801	0.5	-0.231499
1.801	0.55	-0.248747
1.801	0.6	-0.26407
1.801	0.65	-0.277472
1.801	0.7	-0.288979
1.801	0.75	-0.298671
1.801	0.8	-0.306667
1.801	0.85	-0.313154
1.801	0.9	-0.318039
1.801	0.95	-0.321539
1.801	1	-0.323795
1.801	1.05	-0.324926
1.801	1.1	-0.32509
1.801	1.15	-0.324661
1.801	1.2	-0.323078
1.801	1.25	-0.320772
1.801	1.3	-0.317832
1.801	1.35	-0.314361
1.801	1.4	-0.310392
1.801	1.45	-0.306023
1.801	1.5	-0.301341
1.801	1.55	-0.296317
1.801	1.6	-0.291129
1.801	1.65	-0.286142
1.801	1.7	-0.280514
1.801	1.75	-0.274755
1.801	1.8	-0.268905
1.801	1.85	-0.262989
1.801	1.9	-0.257041
1.801	1.95	-0.251068
1.801	2	-0.245112
1.801	2.05	-0.239172
1.801	2.1	-0.233267
1.801	2.15	-0.227425
1.801	2.2	-0.221629
1.801	2.25	-0.215921
1.801	2.3	-0.210282
1.801	2.35	-0.204742
1.801	2.4	-0.199307
1.801	2.45	-0.193959
1.801	2.5	-0.188713
1.801	2.55	-0.183598
1.801	2.6	-0.178632
1.801	2.65	-0.173844
1.801	2.7	-0.16902
1.801	2.75	-0.164313
1.801	2.8	-0.159718
1.801	2.85	-0.15524
1.801	2.9	-0.150878
1.801	2.95	-0.146629
1.801	3	-0.142492
1.801	3.05	-0.138472
1.801	3.1	-0.134558
1.801	3.15	-0.130756
1.801	3.2	-0.12706
1.801	3.25	-0.123469
1.801	3.3	-0.119981
1.801	3.35	-0.116594
1.801	3.4	-0.113308
1.801	3.45	-0.110122
1.801	3.5	-0.107026
1.801	3.55	-0.104021
1.801	3.6	-0.101107
1.801	3.65	-0.0982836
1.801	3.7	-0.0955442
1.801	3.75	-0.0928849
1.801	3.8	-0.0903128
1.801	3.85	-0.0878135
1.801	3.9	-0.0853943
1.801	3.95	-0.0830478
1.801	4	-0.080774
1.801	4.05	-0.0785731
1.801	4.1	-0.0764339
1.801	4.15	-0.0743639
1.801	4.2	-0.0723594
1.801	4.25	-0.0704167
1.801	4.3	-0.0685322
1.801	4.35	-0.0667096
1.801	4.4	-0.0649379
1.801	4.45	-0.0632244
1.801	4.5	-0.0615619
1.801	4.55	-0.0599539
1.801	4.6	-0.0583896
1.801	4.65	-0.0568798
1.801	4.7	-0.0554137
1.801	4.75	-0.0539949
1.801	4.8	-0.0526161
1.801	4.85	-0.0512809
1.801	4.9	-0.0499858
1.801	4.95	-0.0487307
1.801	5	-0.0475156
1.851	0.05	0
1.851	0.1	-0.0386317
1.851	0.15	-0.0653927
1.851	0.2	-0.091557
1.851	0.25	-0.116921
1.851	0.3	-0.141303
1.851	0.35	-0.164539
1.851	0.4	-0.186454
1.851	0.45	-0.206899
1.851	0.5	-0.225715
1.851	0.55	-0.242795
1.851	0.6	-0.25806
1.851	0.65	-0.271481
1.851	0.7	-0.283082
1.851	0.75	-0.292919
1.851	0.8	-0.301086
1.851	0.85	-0.307828
1.851	0.9	-0.312983
1.851	0.95	-0.31677
1.851	1	-0.31932
1.851	1.05	-0.320761
1.851	1.1	-0.321172
1.851	1.15	-0.320724
1.851	1.2	-0.319789
1.851	1.25	-0.317781
1.851	1.3	-0.31514
1.851	1.35	-0.311928
1.851	1.4	-0.30825
1.851	1.45	-0.304124
1.851	1.5	-0.299649
1.851	1.55	-0.294884
1.851	1.6	-0.289863
1.851	1.65	-0.284672
1.851	1.7	-0.279375
1.851	1.75	-0.274122
1.851	1.8	-0.26845
1.851	1.85	-0.262695
1.851	1.9	-0.256892
1.851	1.95	-0.251061
1.851	2	-0.245233
1.851	2.05	-0.239404
1.851	2.1	-0.23362
1.851	2.15	-0.227868
1.851	2.2	-0.222171
1.851	2.25	-0.216551
1.851	2.3	-0.210992
1.851	2.35	-0.20552
1.851	2.4	-0.200132
1.851	2.45	-0.194847
1.851	2.5	-0.189648
1.851	2.55	-0.184569
1.851	2.6	-0.179589
1.851	2.65	-0.17471
1.851	2.7	-0.169959
1.851	2.75	-0.165299
1.851	2.8	-0.160904
1.851	2.85	-0.156451
1.851	2.9	-0.152104
1.851	2.95	-0.147873
1.851	3	-0.143751
1.851	3.05	-0.139738
1.851	3.1	-0.135835
1.851	3.15	-0.132037
1.851	3.2	-0.128344
1.851	3.25	-0.124754
1.851	3.3	-0.121265
1.851	3.35	-0.117878
1.851	3.4	-0.114589
1.851	3.45	-0.111395
1.851	3.5	-0.108292
1.851	3.55	-0.105283
1.851	3.6	-0.102362
1.851	3.65	-0.0995278
1.851	3.7	-0.0967775
1.851	3.75	-0.0941145
1.851	3.8	-0.0915279
1.851	3.85	-0.0890177
1.851	3.9	-0.0865875
1.851	3.95	-0.0842265
1.851	4	-0.0819382
1.851	4.05	-0.0797227
1.851	4.1	-0.0775726
1.851	4.15	-0.0754881
1.851	4.2	-0.073469
1.851	4.25	-0.0715117
1.851	4.3	-0.0696127
1.851	4.35	-0.0677719
1.851	4.4	-0.0659893
1.851	4.45	-0.0642576
1.851	4.5	-0.0625841
1.851	4.55	-0.0609616
1.851	4.6	-0.0593827
1.851	4.65	-0.0578584
1.851	4.7	-0.0563778
1.851	4.75	-0.0549408
1.851	4.8	-0.0535474
1.851	4.85	-0.0521977
1.851	4.9	-0.050888
1.851	4.95	-0.049622
1.851	5	-0.0483888
1.901	0.05	0
1.901	0.1	-0.0371947
1.901	0.15	-0.0632572
1.901	0.2	-0.088763
1.901	0.25	-0.113509
1.901	0.3	-0.137326
1.901	0.35	-0.160053
1.901	0.4	-0.181539
1.901	0.45	-0.201624
1.901	0.5	-0.220178
1.901	0.55	-0.23708
1.901	0.6	-0.252268
1.901	0.65	-0.265693
1.901	0.7	-0.277367
1.901	0.75	-0.287338
1.901	0.8	-0.295684
1.901	0.85	-0.30252
1.901	0.9	-0.308013
1.901	0.95	-0.312077
1.901	1	-0.314907
1.901	1.05	-0.316628
1.901	1.1	-0.317345
1.901	1.15	-0.317141
1.901	1.2	-0.316177
1.901	1.25	-0.314791
1.901	1.3	-0.31243
1.901	1.35	-0.30949
1.901	1.4	-0.306049
1.901	1.45	-0.302196
1.901	1.5	-0.297954
1.901	1.55	-0.293403
1.901	1.6	-0.288586
1.901	1.65	-0.283559
1.901	1.7	-0.278334
1.901	1.75	-0.273005
1.901	1.8	-0.267919
1.901	1.85	-0.262327
1.901	1.9	-0.256678
1.901	1.95	-0.250988
1.901	2	-0.24528
1.901	2.05	-0.239575
1.901	2.1	-0.233897
1.901	2.15	-0.22825
1.901	2.2	-0.222652
1.901	2.25	-0.217104
1.901	2.3	-0.211632
1.901	2.35	-0.206233
1.901	2.4	-0.200911
1.901	2.45	-0.19568
1.901	2.5	-0.190543
1.901	2.55	-0.185504
1.901	2.6	-0.18056
1.901	2.65	-0.175718
1.901	2.7	-0.170996
1.901	2.75	-0.166368
1.901	2.8	-0.161846
1.901	2.85	-0.157452
1.901	2.9	-0.153141
1.901	2.95	-0.148939
1.901	3	-0.144883
1.901	3.05	-0.140961
1.901	3.1	-0.137064
1.901	3.15	-0.133274
1.901	3.2	-0.129585
1.901	3.25	-0.125998
1.901	3.3	-0.122513
1.901	3.35	-0.119126
1.901	3.4	-0.115833
1.901	3.45	-0.112635
1.901	3.5	-0.109529
1.901	3.55	-0.106513
1.901	3.6	-0.103584
1.901	3.65	-0.100739
1.901	3.7	-0.0979817
1.901	3.75	-0.0953078
1.901	3.8	-0.0927103
1.901	3.85	-0.0901891
1.901	3.9	-0.087748
1.901	3.95	-0.0853761
1.901	4	-0.0830805
1.901	4.05	-0.0808504
1.901	4.1	-0.0786858
1.901	4.15	-0.0765867
1.901	4.2	-0.0745531
1.901	4.25	-0.0725813
1.901	4.3	-0.0706714
1.901	4.35	-0.0688196
1.901	4.4	-0.0670225
1.901	4.45	-0.0652799
1.901	4.5	-0.0635882
1.901	4.55	-0.0619475
1.901	4.6	-0.0603577
1.901	4.65	-0.0588188
1.901	4.7	-0.05732
1.901	4.75	-0.0558721
1.901	4.8	-0.0544678
1.901	4.85	-0.0531036
1.901	4.9	-0.051783
1.901	4.95	-0.0504988
1.901	5	-0.049251
1.951	0.05	0
1.951	0.1	-0.0358268
1.951	0.15	-0.0612381
1.951	0.2	-0.086111
1.951	0.25	-0.110267
1.951	0.3	-0.133547
1.951	0.35	-0.155786
1.951	0.4	-0.176846
1.951	0.45	-0.196585
1.951	0.5	-0.214877
1.951	0.55	-0.231601
1.951	0.6	-0.246695
1.951	0.65	-0.260105
1.951	0.7	-0.271833
1.951	0.75	-0.281914
1.951	0.8	-0.290413
1.951	0.85	-0.297419
1.951	0.9	-0.303156
1.951	0.95	-0.307467
1.951	1	-0.31056
1.951	1.05	-0.312553
1.951	1.1	-0.313536
1.951	1.15	-0.313623
1.951	1.2	-0.312888
1.951	1.25	-0.31156
1.951	1.3	-0.309697
1.951	1.35	-0.307027
1.951	1.4	-0.303848
1.951	1.45	-0.300217
1.951	1.5	-0.296222
1.951	1.55	-0.291886
1.951	1.6	-0.287273
1.951	1.65	-0.282427
1.951	1.7	-0.277407
1.951	1.75	-0.272204
1.951	1.8	-0.266937
1.951	1.85	-0.261898
1.951	1.9	-0.256397
1.951	1.95	-0.250846
1.951	2	-0.245269
1.951	2.05	-0.239685
1.951	2.1	-0.234111
1.951	2.15	-0.228567
1.951	2.2	-0.223059
1.951	2.25	-0.217606
1.951	2.3	-0.212203
1.951	2.35	-0.206881
1.951	2.4	-0.201624
1.951	2.45	-0.196454
1.951	2.5	-0.191376
1.951	2.55	-0.186385
1.951	2.6	-0.181484
1.951	2.65	-0.176689
1.951	2.7	-0.171989
1.951	2.75	-0.167394
1.951	2.8	-0.162901
1.951	2.85	-0.158518
1.951	2.9	-0.154236
1.951	2.95	-0.150056
1.951	3	-0.145974
1.951	3.05	-0.142001
1.951	3.1	-0.138145
1.951	3.15	-0.134372
1.951	3.2	-0.130698
1.951	3.25	-0.127147
1.951	3.3	-0.123717
1.951	3.35	-0.12033
1.951	3.4	-0.117034
1.951	3.45	-0.113836
1.951	3.5	-0.110729
1.951	3.55	-0.107706
1.951	3.6	-0.10477
1.951	3.65	-0.101925
1.951	3.7	-0.0991568
1.951	3.75	-0.0964719
1.951	3.8	-0.0938671
1.951	3.85	-0.0913387
1.951	3.9	-0.0888831
1.951	3.95	-0.0865039
1.951	4	-0.0841937
1.951	4.05	-0.0819491
1.951	4.1	-0.0797772
1.951	4.15	-0.0776672
1.951	4.2	-0.0756227
1.951	4.25	-0.0736363
1.951	4.3	-0.0717118
1.951	4.35	-0.0698456
1.951	4.4	-0.0680302
1.951	4.45	-0.0662767
1.951	4.5	-0.0645705
1.951	4.55	-0.0629188
1.951	4.6	-0.0613145
1.951	4.65	-0.0597611
1.951	4.7	-0.0582513
1.951	4.75	-0.0567888
1.951	4.8	-0.05537
1.951	4.85	-0.0539912
1.951	4.9	-0.0526561
1.951	4.95	-0.051361
1.951	5	-0.0501022
