0.001	0.05	-0.0841537
0.001	0.1	-0.0912587
0.001	0.15	-0.0934306
0.001	0.2	-0.0954424
0.001	0.25	-0.0973778
0.001	0.3	-0.0992477
0.001	0.35	-0.0988075
0.001	0.4	-0.100612
0.001	0.45	-0.100117
0.001	0.5	-0.101867
0.001	0.55	-0.10134
0.001	0.6	-0.100834
0.001	0.65	-0.10031
0.001	0.7	-0.101954
0.001	0.75	-0.10139
0.001	0.8	-0.100859
0.001	0.85	-0.100295
0.001	0.9	-0.0997679
0.001	0.95	-0.10127
0.001	1	-0.100703
0.001	1.05	-0.100186
0.001	1.1	-0.0996006
0.001	1.15	-0.0990585
0.001	1.2	-0.0985128
0.001	1.25	-0.0979744
0.001	1.3	-0.0993568
0.001	1.35	-0.0987893
0.001	1.4	-0.0982254
0.001	1.45	-0.0976252
0.001	1.5	-0.0970758
0.001	1.55	-0.0965192
0.001	1.6	-0.0959881
0.001	1.65	-0.095446
0.001	1.7	-0.0949403
0.001	1.75	-0.0944056
0.001	1.8	-0.0938526
0.001	1.85	-0.0933542
0.001	1.9	-0.0944092
0.001	1.95	-0.0938671
0.001	2	-0.0933724
0.001	2.05	-0.0927976
0.001	2.1	-0.0922591
0.001	2.15	-0.0917207
0.001	2.2	-0.0912114
0.001	2.25	-0.0906693
0.001	2.3	-0.0901528
0.001	2.35	-0.0896252
0.001	2.4	-0.0891414
0.001	2.45	-0.0885884
0.001	2.5	-0.0880573
0.001	2.55	-0.0875589
0.001	2.6	-0.0870459
0.001	2.65	-0.0865948
0.001	2.7	-0.0860746
0.001	2.75	-0.0855944
0.001	2.8	-0.0850741
0.001	2.85	-0.0858927
0.001	2.9	-0.0853834
0.001	2.95	-0.0848813
0.001	3	-0.0844266
0.001	3.05	-0.0839391
0.001	3.1	-0.0834334
0.001	3.15	-0.0829132
0.001	3.2	-0.0823966
0.001	3.25	-0.0819382
0.001	3.3	-0.0814398
0.001	3.35	-0.0809887
0.001	3.4	-0.080483
0.001	3.45	-0.0800064
0.001	3.5	-0.0795371
0.001	3.55	-0.0790969
0.001	3.6	-0.0785731
0.001	3.65	-0.0781256
0.001	3.7	-0.0777036
0.001	3.75	-0.0772307
0.001	3.8	-0.0767941
0.001	3.85	-0.0763503
0.001	3.9	-0.0758737
0.001	3.95	-0.0754007
0.001	4	-0.0749533
0.001	4.05	-0.0745204
0.001	4.1	-0.0741238
0.001	4.15	-0.0736618
0.001	4.2	-0.0732252
0.001	4.25	-0.0727705
0.001	4.3	-0.0723849
0.001	4.35	-0.0719265
0.001	4.4	-0.0714972
0.001	4.45	-0.0710643
0.001	4.5	-0.0706823
0.001	4.55	-0.070253
0.001	4.6	-0.0707005
0.001	4.65	-0.0703112
0.001	4.7	-0.0698565
0.001	4.75	-0.069489
0.001	4.8	-0.0690743
0.001	4.85	-0.0686232
0.001	4.9	-0.0682485
0.001	4.95	-0.0678338
0.001	5	-0.067419
0.051	0.05	-0.412398
0.051	0.1	-0.458953
0.051	0.15	-0.47862
0.051	0.2	-0.49331
0.051	0.25	-0.493917
0.051	0.3	-0.482094
0.051	0.35	-0.480111
0.051	0.4	-0.467429
0.051	0.45	-0.464013
0.051	0.5	-0.451033
0.051	0.55	-0.438591
0.051	0.6	-0.433716
0.051	0.65	-0.421074
0.051	0.7	-0.408756
0.051	0.75	-0.396798
0.051	0.8	-0.391388
0.051	0.85	-0.379623
0.051	0.9	-0.368193
0.051	0.95	-0.357097
0.051	1	-0.346332
0.051	1.05	-0.335876
0.051	1.1	-0.325745
0.051	1.15	-0.315966
0.051	1.2	-0.310214
0.051	1.25	-0.300675
0.051	1.3	-0.291424
0.051	1.35	-0.282453
0.051	1.4	-0.273762
0.051	1.45	-0.265332
0.051	1.5	-0.257169
0.051	1.55	-0.249249
0.051	1.6	-0.24158
0.051	1.65	-0.234144
0.051	1.7	-0.226941
0.051	1.75	-0.219956
0.051	1.8	-0.213189
0.051	1.85	-0.206634
0.051	1.9	-0.200278
0.051	1.95	-0.194115
0.051	2	-0.188153
0.051	2.05	-0.182372
0.051	2.1	-0.176766
0.051	2.15	-0.171342
0.051	2.2	-0.167009
0.051	2.25	-0.161817
0.051	2.3	-0.156786
0.051	2.35	-0.151918
0.051	2.4	-0.147207
0.051	2.45	-0.142642
0.051	2.5	-0.138218
0.051	2.55	-0.133932
0.051	2.6	-0.129789
0.051	2.65	-0.125772
0.051	2.7	-0.12188
0.051	2.75	-0.118114
0.051	2.8	-0.114462
0.051	2.85	-0.110933
0.051	2.9	-0.107506
0.051	2.95	-0.104192
0.051	3	-0.100979
0.051	3.05	-0.0978725
0.051	3.1	-0.0948639
0.051	3.15	-0.0919463
0.051	3.2	-0.0891196
0.051	3.25	-0.0863874
0.051	3.3	-0.083739
0.051	3.35	-0.0811706
0.051	3.4	-0.0786858
0.051	3.45	-0.0762811
0.051	3.5	-0.0739492
0.051	3.55	-0.07169
0.051	3.6	-0.0695036
0.051	3.65	-0.0673863
0.051	3.7	-0.0653345
0.051	3.75	-0.0633445
0.051	3.8	-0.06142
0.051	3.85	-0.0595574
0.051	3.9	-0.0577493
0.051	3.95	-0.0559994
0.051	4	-0.0543041
0.051	4.05	-0.0526634
0.051	4.1	-0.0510736
0.051	4.15	-0.0495347
0.051	4.2	-0.0480395
0.051	4.25	-0.0465916
0.051	4.3	-0.045191
0.051	4.35	-0.0441469
0.051	4.4	-0.0428299
0.051	4.45	-0.0415566
0.051	4.5	-0.0403197
0.051	4.55	-0.0391192
0.051	4.6	-0.0379587
0.051	4.65	-0.0368345
0.051	4.7	-0.0357431
0.051	4.75	-0.0346845
0.051	4.8	-0.0336586
0.051	4.85	-0.0326618
0.051	4.9	-0.0317013
0.051	4.95	-0.0307664
0.051	5	-0.0298605
0.101	0.05	-0.525735
0.101	0.1	-0.603733
0.101	0.15	-0.628061
0.101	0.2	-0.628501
0.101	0.25	-0.624488
0.101	0.3	-0.617743
0.101	0.35	-0.596854
0.101	0.4	-0.587457
0.101	0.45	-0.566157
0.101	0.5	-0.545453
0.101	0.55	-0.534412
0.101	0.6	-0.514083
0.101	0.65	-0.494441
0.101	0.7	-0.47552
0.101	0.75	-0.464061
0.101	0.8	-0.445845
0.101	0.85	-0.428303
0.101	0.9	-0.41143
0.101	0.95	-0.395212
0.101	1	-0.37963
0.101	1.05	-0.364642
0.101	1.1	-0.35025
0.101	1.15	-0.340009
0.101	1.2	-0.326356
0.101	1.25	-0.313255
0.101	1.3	-0.300679
0.101	1.35	-0.288608
0.101	1.4	-0.277025
0.101	1.45	-0.265907
0.101	1.5	-0.255241
0.101	1.55	-0.245007
0.101	1.6	-0.235184
0.101	1.65	-0.225758
0.101	1.7	-0.216718
0.101	1.75	-0.208041
0.101	1.8	-0.199718
0.101	1.85	-0.191732
0.101	1.9	-0.184071
0.101	1.95	-0.176718
0.101	2	-0.169668
0.101	2.05	-0.162901
0.101	2.1	-0.156411
0.101	2.15	-0.150183
0.101	2.2	-0.144206
0.101	2.25	-0.138476
0.101	2.3	-0.132975
0.101	2.35	-0.1277
0.101	2.4	-0.122636
0.101	2.45	-0.117783
0.101	2.5	-0.113123
0.101	2.55	-0.108656
0.101	2.6	-0.104363
0.101	2.65	-0.100248
0.101	2.7	-0.0963009
0.101	2.75	-0.0925102
0.101	2.8	-0.0888795
0.101	2.85	-0.0853906
0.101	2.9	-0.0820437
0.101	2.95	-0.078835
0.101	3	-0.0757536
0.101	3.05	-0.0727923
0.101	3.1	-0.0699547
0.101	3.15	-0.0672335
0.101	3.2	-0.0646214
0.101	3.25	-0.0621112
0.101	3.3	-0.0597029
0.101	3.35	-0.0573964
0.101	3.4	-0.0551772
0.101	3.45	-0.0530526
0.101	3.5	-0.0510117
0.101	3.55	-0.0490509
0.101	3.6	-0.0471664
0.101	3.65	-0.045362
0.101	3.7	-0.0436266
0.101	3.75	-0.0419641
0.101	3.8	-0.040367
0.101	3.85	-0.0388281
0.101	3.9	-0.0373584
0.101	3.95	-0.0359469
0.101	4	-0.0345826
0.101	4.05	-0.0332839
0.101	4.1	-0.0320288
0.101	4.15	-0.0308246
0.101	4.2	-0.0296714
0.101	4.25	-0.0285618
0.101	4.3	-0.0274958
0.101	4.35	-0.0264772
0.101	4.4	-0.0254913
0.101	4.45	-0.0245491
0.101	4.5	-0.0239997
0.101	4.55	-0.023123
0.101	4.6	-0.0222753
0.101	4.65	-0.0214604
0.101	4.7	-0.0206746
0.101	4.75	-0.0199179
0.101	4.8	-0.019194
0.101	4.85	-0.0184955
0.101	4.9	-0.0178225
0.101	4.95	-0.0171785
0.101	5	-0.0165564
0.151	0.05	-0.604457
0.151	0.1	-0.687276
0.151	0.15	-0.71069
0.151	0.2	-0.722976
0.151	0.25	-0.71427
0.151	0.3	-0.688437
0.151	0.35	-0.674176
0.151	0.4	-0.658871
0.151	0.45	-0.630836
0.151	0.5	-0.603715
0.151	0.55	-0.587024
0.151	0.6	-0.560838
0.151	0.65	-0.535732
0.151	0.7	-0.511674
0.151	0.75	-0.488646
0.151	0.8	-0.472679
0.151	0.85	-0.450924
0.151	0.9	-0.430155
0.151	0.95	-0.410324
0.151	1	-0.391399
0.151	1.05	-0.373333
0.151	1.1	-0.356104
0.151	1.15	-0.339664
0.151	1.2	-0.323977
0.151	1.25	-0.309028
0.151	1.3	-0.294775
0.151	1.35	-0.281216
0.151	1.4	-0.269905
0.151	1.45	-0.257296
0.151	1.5	-0.245283
0.151	1.55	-0.233838
0.151	1.6	-0.222943
0.151	1.65	-0.212556
0.151	1.7	-0.202665
0.151	1.75	-0.193246
0.151	1.8	-0.184271
0.151	1.85	-0.175722
0.151	1.9	-0.16758
0.151	1.95	-0.15982
0.151	2	-0.152435
0.151	2.05	-0.145399
0.151	2.1	-0.138694
0.151	2.15	-0.13231
0.151	2.2	-0.126227
0.151	2.25	-0.120432
0.151	2.3	-0.114909
0.151	2.35	-0.109656
0.151	2.4	-0.104643
0.151	2.45	-0.0998734
0.151	2.5	-0.095326
0.151	2.55	-0.0909931
0.151	2.6	-0.086864
0.151	2.65	-0.0829277
0.151	2.7	-0.0791806
0.151	2.75	-0.0756118
0.151	2.8	-0.0722102
0.151	2.85	-0.0689652
0.151	2.9	-0.0658765
0.151	2.95	-0.0629298
0.151	3	-0.0601249
0.151	3.05	-0.057451
0.151	3.1	-0.0553737
0.151	3.15	-0.0529362
0.151	3.2	-0.0506043
0.151	3.25	-0.0483815
0.151	3.3	-0.0462605
0.151	3.35	-0.0442415
0.151	3.4	-0.0423097
0.151	3.45	-0.0404689
0.151	3.5	-0.0387081
0.151	3.55	-0.0370346
0.151	3.6	-0.0354339
0.151	3.65	-0.0339096
0.151	3.7	-0.0324508
0.151	3.75	-0.0310574
0.151	3.8	-0.0297296
0.151	3.85	-0.0284635
0.151	3.9	-0.0272521
0.151	3.95	-0.0260989
0.151	4	-0.0249929
0.151	4.05	-0.0239379
0.151	4.1	-0.0229338
0.151	4.15	-0.0219734
0.151	4.2	-0.0210566
0.151	4.25	-0.0201799
0.151	4.3	-0.0193431
0.151	4.35	-0.0185428
0.151	4.4	-0.0177788
0.151	4.45	-0.0170476
0.151	4.5	-0.0163491
0.151	4.55	-0.0160035
0.151	4.6	-0.0153559
0.151	4.65	-0.0147302
0.151	4.7	-0.0141335
0.151	4.75	-0.0135624
0.151	4.8	-0.0130167
0.151	4.85	-0.0124928
0.151	4.9	-0.0119944
0.151	4.95	-0.0115142
0.151	5	-0.0110595
0.201	0.05	-0.661599
0.201	0.1	-0.768407
0.201	0.15	-0.79651
0.201	0.2	-0.790973
0.201	0.25	-0.778051
0.201	0.3	-0.760974
0.201	0.35	-0.727505
0.201	0.4	-0.706947
0.201	0.45	-0.673583
0.201	0.5	-0.64155
0.201	0.55	-0.619908
0.201	0.6	-0.589222
0.201	0.65	-0.559921
0.201	0.7	-0.531993
0.201	0.75	-0.511809
0.201	0.8	-0.485717
0.201	0.85	-0.46091
0.201	0.9	-0.437351
0.201	0.95	-0.414977
0.201	1	-0.393735
0.201	1.05	-0.373588
0.201	1.1	-0.354456
0.201	1.15	-0.336317
0.201	1.2	-0.319105
0.201	1.25	-0.302785
0.201	1.3	-0.287309
0.201	1.35	-0.274104
0.201	1.4	-0.259923
0.201	1.45	-0.246491
0.201	1.5	-0.233766
0.201	1.55	-0.221709
0.201	1.6	-0.210286
0.201	1.65	-0.199467
0.201	1.7	-0.189215
0.201	1.75	-0.179509
0.201	1.8	-0.170312
0.201	1.85	-0.161595
0.201	1.9	-0.153344
0.201	1.95	-0.145523
0.201	2	-0.138116
0.201	2.05	-0.131098
0.201	2.1	-0.124444
0.201	2.15	-0.118143
0.201	2.2	-0.112177
0.201	2.25	-0.106524
0.201	2.3	-0.101161
0.201	2.35	-0.0960827
0.201	2.4	-0.0912696
0.201	2.45	-0.0867112
0.201	2.5	-0.0823857
0.201	2.55	-0.0782893
0.201	2.6	-0.0744076
0.201	2.65	-0.0712425
0.201	2.7	-0.0677428
0.201	2.75	-0.0644286
0.201	2.8	-0.0612818
0.201	2.85	-0.058295
0.201	2.9	-0.055461
0.201	2.95	-0.0527725
0.201	3	-0.0502187
0.201	3.05	-0.0477958
0.201	3.1	-0.0454966
0.201	3.15	-0.0433174
0.201	3.2	-0.0412438
0.201	3.25	-0.0392793
0.201	3.3	-0.037413
0.201	3.35	-0.0356376
0.201	3.4	-0.0339533
0.201	3.45	-0.0323562
0.201	3.5	-0.0308391
0.201	3.55	-0.0293949
0.201	3.6	-0.028027
0.201	3.65	-0.0267246
0.201	3.7	-0.0254913
0.201	3.75	-0.0243126
0.201	3.8	-0.0231958
0.201	3.85	-0.0221371
0.201	3.9	-0.0211257
0.201	3.95	-0.0201653
0.201	4	-0.0196269
0.201	4.05	-0.0187429
0.201	4.1	-0.0178989
0.201	4.15	-0.0170985
0.201	4.2	-0.0163345
0.201	4.25	-0.0156069
0.201	4.3	-0.0149157
0.201	4.35	-0.0142536
0.201	4.4	-0.0136315
0.201	4.45	-0.0130349
0.201	4.5	-0.0124637
0.201	4.55	-0.0119217
0.201	4.6	-0.0114087
0.201	4.65	-0.0109176
0.201	4.7	-0.0104519
0.201	4.75	-0.0100044
0.201	4.8	-0.0095788
0.201	4.85	-0.00917498
0.201	4.9	-0.00878936
0.201	4.95	-0.00842192
0.201	5	-0.00828368
0.251	0.05	-0.70679
0.251	0.1	-0.822092
0.251	0.15	-0.850905
0.251	0.2	-0.843022
0.251	0.25	-0.826141
0.251	0.3	-0.804612
0.251	0.35	-0.780445
0.251	0.4	-0.74142
0.251	0.45	-0.703876
0.251	0.5	-0.677726
0.251	0.55	-0.641739
0.251	0.6	-0.607484
0.251	0.65	-0.575357
0.251	0.7	-0.550684
0.251	0.75	-0.520442
0.251	0.8	-0.491789
0.251	0.85	-0.464704
0.251	0.9	-0.439079
0.251	0.95	-0.414857
0.251	1	-0.391952
0.251	1.05	-0.370328
0.251	1.1	-0.352433
0.251	1.15	-0.332719
0.251	1.2	-0.314118
0.251	1.25	-0.296568
0.251	1.3	-0.280015
0.251	1.35	-0.264397
0.251	1.4	-0.249671
0.251	1.45	-0.235777
0.251	1.5	-0.222673
0.251	1.55	-0.210319
0.251	1.6	-0.198663
0.251	1.65	-0.187672
0.251	1.7	-0.177304
0.251	1.75	-0.167525
0.251	1.8	-0.15831
0.251	1.85	-0.149612
0.251	1.9	-0.141408
0.251	1.95	-0.13367
0.251	2	-0.126376
0.251	2.05	-0.119489
0.251	2.1	-0.112996
0.251	2.15	-0.106866
0.251	2.2	-0.101089
0.251	2.25	-0.0956388
0.251	2.3	-0.0904874
0.251	2.35	-0.0856307
0.251	2.4	-0.0810505
0.251	2.45	-0.0767286
0.251	2.5	-0.0726468
0.251	2.55	-0.0687942
0.251	2.6	-0.0651526
0.251	2.65	-0.0617256
0.251	2.7	-0.0590444
0.251	2.75	-0.0559703
0.251	2.8	-0.0530599
0.251	2.85	-0.050306
0.251	2.9	-0.0477048
0.251	2.95	-0.0452492
0.251	3	-0.0429245
0.251	3.05	-0.0407272
0.251	3.1	-0.0386499
0.251	3.15	-0.0366817
0.251	3.2	-0.0348264
0.251	3.25	-0.0330692
0.251	3.3	-0.0314067
0.251	3.35	-0.0298351
0.251	3.4	-0.0283471
0.251	3.45	-0.0269392
0.251	3.5	-0.0256077
0.251	3.55	-0.0243454
0.251	3.6	-0.0231521
0.251	3.65	-0.0220243
0.251	3.7	-0.0209548
0.251	3.75	-0.0199361
0.251	3.8	-0.0189757
0.251	3.85	-0.0184336
0.251	3.9	-0.017546
0.251	3.95	-0.0167129
0.251	4	-0.0159162
0.251	4.05	-0.0151667
0.251	4.1	-0.0144537
0.251	4.15	-0.0137734
0.251	4.2	-0.0131331
0.251	4.25	-0.0125219
0.251	4.3	-0.0119471
0.251	4.35	-0.0113978
0.251	4.4	-0.0108739
0.251	4.45	-0.0103828
0.251	4.5	-0.00990985
0.251	4.55	-0.00946602
0.251	4.6	-0.00904402
0.251	4.65	-0.0086402
0.251	4.7	-0.00826185
0.251	4.75	-0.00810542
0.251	4.8	-0.00774889
0.251	4.85	-0.00740692
0.251	4.9	-0.00708314
0.251	4.95	-0.00677755
0.251	5	-0.00648288
0.301	0.05	-0.752469
0.301	0.1	-0.882203
0.301	0.15	-0.912318
0.301	0.2	-0.901113
0.301	0.25	-0.879947
0.301	0.3	-0.839947
0.301	0.35	-0.809861
0.301	0.4	-0.77995
0.301	0.45	-0.737022
0.301	0.5	-0.69596
0.301	0.55	-0.657365
0.301	0.6	-0.627821
0.301	0.65	-0.59147
0.301	0.7	-0.557127
0.301	0.75	-0.524695
0.301	0.8	-0.494125
0.301	0.85	-0.465508
0.301	0.9	-0.441942
0.301	0.95	-0.415715
0.301	1	-0.391046
0.301	1.05	-0.367847
0.301	1.1	-0.34603
0.301	1.15	-0.325519
0.301	1.2	-0.306234
0.301	1.25	-0.288113
0.301	1.3	-0.271077
0.301	1.35	-0.25507
0.301	1.4	-0.240027
0.301	1.45	-0.225889
0.301	1.5	-0.212607
0.301	1.55	-0.200122
0.301	1.6	-0.188396
0.301	1.65	-0.177373
0.301	1.7	-0.167016
0.301	1.75	-0.157284
0.301	1.8	-0.148135
0.301	1.85	-0.139542
0.301	1.9	-0.131466
0.301	1.95	-0.123873
0.301	2	-0.116735
0.301	2.05	-0.110034
0.301	2.1	-0.103722
0.301	2.15	-0.0977961
0.301	2.2	-0.0922264
0.301	2.25	-0.0869841
0.301	2.3	-0.0820582
0.301	2.35	-0.0774271
0.301	2.4	-0.0730761
0.301	2.45	-0.0689724
0.301	2.5	-0.0651162
0.301	2.55	-0.0614891
0.301	2.6	-0.0580803
0.301	2.65	-0.0548644
0.301	2.7	-0.0518412
0.301	2.75	-0.0489999
0.301	2.8	-0.046326
0.301	2.85	-0.0438013
0.301	2.9	-0.041975
0.301	2.95	-0.0397158
0.301	3	-0.0375803
0.301	3.05	-0.0355722
0.301	3.1	-0.0336768
0.301	3.15	-0.0318905
0.301	3.2	-0.0302061
0.301	3.25	-0.0286163
0.301	3.3	-0.0271211
0.301	3.35	-0.0257023
0.301	3.4	-0.0243708
0.301	3.45	-0.0231121
0.301	3.5	-0.0219225
0.301	3.55	-0.0208056
0.301	3.6	-0.0197433
0.301	3.65	-0.0187429
0.301	3.7	-0.017797
0.301	3.75	-0.0169093
0.301	3.8	-0.016069
0.301	3.85	-0.0155997
0.301	3.9	-0.0148284
0.301	3.95	-0.0141008
0.301	4	-0.0134096
0.301	4.05	-0.0127511
0.301	4.1	-0.0121327
0.301	4.15	-0.0115469
0.301	4.2	-0.010994
0.301	4.25	-0.0104701
0.301	4.3	-0.0099717
0.301	4.35	-0.0095024
0.301	4.4	-0.00905493
0.301	4.45	-0.00863656
0.301	4.5	-0.00823638
0.301	4.55	-0.00785803
0.301	4.6	-0.00749787
0.301	4.65	-0.0071559
0.301	4.7	-0.00701766
0.301	4.75	-0.00670116
0.301	4.8	-0.00639557
0.301	4.85	-0.0061118
0.301	4.9	-0.00583532
0.301	4.95	-0.00558066
0.301	5	-0.00533328
0.351	0.05	-0.793072
0.351	0.1	-0.917356
0.351	0.15	-0.947242
0.351	0.2	-0.934375
0.351	0.25	-0.909778
0.351	0.3	-0.879747
0.351	0.35	-0.846929
0.351	0.4	-0.799078
0.351	0.45	-0.753262
0.351	0.5	-0.71933
0.351	0.55	-0.676202
0.351	0.6	-0.63542
0.351	0.65	-0.596978
0.351	0.7	-0.566884
0.351	0.75	-0.531763
0.351	0.8	-0.498771
0.351	0.85	-0.4678
0.351	0.9	-0.438722
0.351	0.95	-0.411455
0.351	1	-0.385877
0.351	1.05	-0.361902
0.351	1.1	-0.33942
0.351	1.15	-0.31836
0.351	1.2	-0.298616
0.351	1.25	-0.280124
0.351	1.3	-0.262797
0.351	1.35	-0.24715
0.351	1.4	-0.231739
0.351	1.45	-0.217311
0.351	1.5	-0.203814
0.351	1.55	-0.191183
0.351	1.6	-0.179356
0.351	1.65	-0.168289
0.351	1.7	-0.157936
0.351	1.75	-0.148233
0.351	1.8	-0.139164
0.351	1.85	-0.131102
0.351	1.9	-0.123182
0.351	1.95	-0.115771
0.351	2	-0.108812
0.351	2.05	-0.102285
0.351	2.1	-0.0961736
0.351	2.15	-0.0904474
0.351	2.2	-0.0850778
0.351	2.25	-0.0800428
0.351	2.3	-0.0753207
0.351	2.35	-0.0708933
0.351	2.4	-0.0667424
0.351	2.45	-0.0628497
0.351	2.5	-0.0591936
0.351	2.55	-0.0557666
0.351	2.6	-0.0525542
0.351	2.65	-0.0495384
0.351	2.7	-0.0467044
0.351	2.75	-0.044045
0.351	2.8	-0.0415457
0.351	2.85	-0.0392065
0.351	2.9	-0.0370055
0.351	2.95	-0.0349355
0.351	3	-0.0329965
0.351	3.05	-0.0311666
0.351	3.1	-0.0298314
0.351	3.15	-0.0283071
0.351	3.2	-0.026761
0.351	3.25	-0.0253058
0.351	3.3	-0.0239379
0.351	3.35	-0.0226537
0.351	3.4	-0.0214386
0.351	3.45	-0.0202999
0.351	3.5	-0.0192267
0.351	3.55	-0.0182154
0.351	3.6	-0.0172586
0.351	3.65	-0.0163636
0.351	3.7	-0.015516
0.351	3.75	-0.0147193
0.351	3.8	-0.0139662
0.351	3.85	-0.0132568
0.351	3.9	-0.0125874
0.351	3.95	-0.0122345
0.351	4	-0.011627
0.351	4.05	-0.0110449
0.351	4.1	-0.0104992
0.351	4.15	-0.00997898
0.351	4.2	-0.00949149
0.351	4.25	-0.00902583
0.351	4.3	-0.00858927
0.351	4.35	-0.00817818
0.351	4.4	-0.00778891
0.351	4.45	-0.0074142
0.351	4.5	-0.00706859
0.351	4.55	-0.00674117
0.351	4.6	-0.00642467
0.351	4.65	-0.00612999
0.351	4.7	-0.00585351
0.351	4.75	-0.00573709
0.351	4.8	-0.00547152
0.351	4.85	-0.00522778
0.351	4.9	-0.00498767
0.351	4.95	-0.00476939
0.351	5	-0.00455839
0.401	0.05	-0.81713
0.401	0.1	-0.963999
0.401	0.15	-0.994864
0.401	0.2	-0.978704
0.401	0.25	-0.95048
0.401	0.3	-0.916385
0.401	0.35	-0.864402
0.401	0.4	-0.826665
0.401	0.45	-0.776345
0.401	0.5	-0.728523
0.401	0.55	-0.692169
0.401	0.6	-0.648091
0.401	0.65	-0.606633
0.401	0.7	-0.56771
0.401	0.75	-0.531218
0.401	0.8	-0.497006
0.401	0.85	-0.468888
0.401	0.9	-0.438213
0.401	0.95	-0.409542
0.401	1	-0.382752
0.401	1.05	-0.357733
0.401	1.1	-0.334367
0.401	1.15	-0.312546
0.401	1.2	-0.292181
0.401	1.25	-0.273169
0.401	1.3	-0.255419
0.401	1.35	-0.238851
0.401	1.4	-0.223386
0.401	1.45	-0.208951
0.401	1.5	-0.195483
0.401	1.55	-0.182914
0.401	1.6	-0.171174
0.401	1.65	-0.160217
0.401	1.7	-0.149987
0.401	1.75	-0.140444
0.401	1.8	-0.131531
0.401	1.85	-0.123207
0.401	1.9	-0.11544
0.401	1.95	-0.108183
0.401	2	-0.101405
0.401	2.05	-0.0950786
0.401	2.1	-0.0891669
0.401	2.15	-0.0836444
0.401	2.2	-0.0784785
0.401	2.25	-0.0736582
0.401	2.3	-0.0691507
0.401	2.35	-0.0649379
0.401	2.4	-0.0610016
0.401	2.45	-0.0578875
0.401	2.5	-0.0544896
0.401	2.55	-0.0512337
0.401	2.6	-0.0481887
0.401	2.65	-0.0453365
0.401	2.7	-0.0426626
0.401	2.75	-0.0401633
0.401	2.8	-0.0378168
0.401	2.85	-0.0356195
0.401	2.9	-0.0335604
0.401	2.95	-0.0316359
0.401	3	-0.0298242
0.401	3.05	-0.0281252
0.401	3.1	-0.0265354
0.401	3.15	-0.0250475
0.401	3.2	-0.0236469
0.401	3.25	-0.0223299
0.401	3.3	-0.0211003
0.401	3.35	-0.0199434
0.401	3.4	-0.0192267
0.401	3.45	-0.018179
0.401	3.5	-0.0171931
0.401	3.55	-0.016269
0.401	3.6	-0.0153959
0.401	3.65	-0.0145774
0.401	3.7	-0.0138098
0.401	3.75	-0.0130858
0.401	3.8	-0.0124019
0.401	3.85	-0.0117579
0.401	3.9	-0.011154
0.401	3.95	-0.0105865
0.401	4	-0.0100481
0.401	4.05	-0.00954242
0.401	4.1	-0.00906584
0.401	4.15	-0.00882937
0.401	4.2	-0.00838918
0.401	4.25	-0.00797445
0.401	4.3	-0.00758519
0.401	4.35	-0.00721411
0.401	4.4	-0.00686487
0.401	4.45	-0.00653381
0.401	4.5	-0.00622458
0.401	4.55	-0.00592991
0.401	4.6	-0.00565342
0.401	4.65	-0.00538785
0.401	4.7	-0.00514046
0.401	4.75	-0.004904
0.401	4.8	-0.00468208
0.401	4.85	-0.00459113
0.401	4.9	-0.0043874
0.401	4.95	-0.00419095
0.401	5	-0.00400178
0.451	0.05	-0.848671
0.451	0.1	-0.989152
0.451	0.15	-1.01911
0.451	0.2	-1.01916
0.451	0.25	-0.987231
0.451	0.3	-0.932701
0.451	0.35	-0.892411
0.451	0.4	-0.837663
0.451	0.45	-0.796441
0.451	0.5	-0.744909
0.451	0.55	-0.696338
0.451	0.6	-0.650743
0.451	0.65	-0.61436
0.451	0.7	-0.573073
0.451	0.75	-0.534481
0.451	0.8	-0.498432
0.451	0.85	-0.464792
0.451	0.9	-0.433414
0.451	0.95	-0.404154
0.451	1	-0.37688
0.451	1.05	-0.351465
0.451	1.1	-0.327775
0.451	1.15	-0.305718
0.451	1.2	-0.285356
0.451	1.25	-0.266617
0.451	1.3	-0.248561
0.451	1.35	-0.231768
0.451	1.4	-0.216147
0.451	1.45	-0.20161
0.451	1.5	-0.188091
0.451	1.55	-0.175514
0.451	1.6	-0.163807
0.451	1.65	-0.152926
0.451	1.7	-0.143249
0.451	1.75	-0.133878
0.451	1.8	-0.125128
0.451	1.85	-0.116976
0.451	1.9	-0.109383
0.451	1.95	-0.102304
0.451	2	-0.0957079
0.451	2.05	-0.0895634
0.451	2.1	-0.0838299
0.451	2.15	-0.0784894
0.451	2.2	-0.073509
0.451	2.25	-0.0688633
0.451	2.3	-0.0645305
0.451	2.35	-0.060485
0.451	2.4	-0.0567161
0.451	2.45	-0.0531982
0.451	2.5	-0.0499131
0.451	2.55	-0.0468499
0.451	2.6	-0.0439868
0.451	2.65	-0.0413165
0.451	2.7	-0.0388172
0.451	2.75	-0.0364889
0.451	2.8	-0.0343061
0.451	2.85	-0.0327818
0.451	2.9	-0.0308537
0.451	2.95	-0.0290383
0.451	3	-0.027343
0.451	3.05	-0.0257533
0.451	3.1	-0.0242617
0.451	3.15	-0.0228683
0.451	3.2	-0.0215623
0.451	3.25	-0.0203399
0.451	3.3	-0.0191903
0.451	3.35	-0.0181171
0.451	3.4	-0.0171094
0.451	3.45	-0.0161635
0.451	3.5	-0.0152759
0.451	3.55	-0.0144464
0.451	3.6	-0.0136679
0.451	3.65	-0.0132168
0.451	3.7	-0.0125074
0.451	3.75	-0.011838
0.451	3.8	-0.0112159
0.451	3.85	-0.0106229
0.451	3.9	-0.0100663
0.451	3.95	-0.00954969
0.451	4	-0.00905493
0.451	4.05	-0.00859291
0.451	4.1	-0.00815635
0.451	4.15	-0.00774889
0.451	4.2	-0.00736327
0.451	4.25	-0.00699947
0.451	4.3	-0.0066575
0.451	4.35	-0.00649379
0.451	4.4	-0.00617729
0.451	4.45	-0.00587897
0.451	4.5	-0.00559521
0.451	4.55	-0.00532964
0.451	4.6	-0.00507862
0.451	4.65	-0.00483851
0.451	4.7	-0.0046166
0.451	4.75	-0.00440195
0.451	4.8	-0.00420187
0.451	4.85	-0.00401269
0.451	4.9	-0.00383443
0.451	4.95	-0.00366344
0.451	5	-0.00350337
0.501	0.05	-0.877255
0.501	0.1	-1.02653
0.501	0.15	-1.05752
0.501	0.2	-1.03714
0.501	0.25	-1.00262
0.501	0.3	-0.961551
0.501	0.35	-0.917447
0.501	0.4	-0.858599
0.501	0.45	-0.802494
0.501	0.5	-0.759108
0.501	0.55	-0.707445
0.501	0.6	-0.65902
0.501	0.65	-0.613723
0.501	0.7	-0.571465
0.501	0.75	-0.5367
0.501	0.8	-0.499025
0.501	0.85	-0.463973
0.501	0.9	-0.431384
0.501	0.95	-0.401094
0.501	1	-0.372944
0.501	1.05	-0.346798
0.501	1.1	-0.32251
0.501	1.15	-0.299955
0.501	1.2	-0.279018
0.501	1.25	-0.259573
0.501	1.3	-0.241522
0.501	1.35	-0.224765
0.501	1.4	-0.209209
0.501	1.45	-0.194763
0.501	1.5	-0.181353
0.501	1.55	-0.1689
0.501	1.6	-0.157343
0.501	1.65	-0.146607
0.501	1.7	-0.136639
0.501	1.75	-0.127384
0.501	1.8	-0.118784
0.501	1.85	-0.110795
0.501	1.9	-0.103373
0.501	1.95	-0.0964792
0.501	2	-0.0900691
0.501	2.05	-0.0841137
0.501	2.1	-0.0785767
0.501	2.15	-0.073429
0.501	2.2	-0.0686414
0.501	2.25	-0.0641885
0.501	2.3	-0.0600485
0.501	2.35	-0.0561922
0.501	2.4	-0.0532491
0.501	2.45	-0.0498731
0.501	2.5	-0.0467298
0.501	2.55	-0.043794
0.501	2.6	-0.0410619
0.501	2.65	-0.0385116
0.501	2.7	-0.0361324
0.501	2.75	-0.0339132
0.501	2.8	-0.0318432
0.501	2.85	-0.0299151
0.501	2.9	-0.0281143
0.501	2.95	-0.0264299
0.501	3	-0.0248619
0.501	3.05	-0.0233886
0.501	3.1	-0.022017
0.501	3.15	-0.0207365
0.501	3.2	-0.0199179
0.501	3.25	-0.018772
0.501	3.3	-0.0176988
0.501	3.35	-0.016691
0.501	3.4	-0.0157452
0.501	3.45	-0.0148648
0.501	3.5	-0.0140317
0.501	3.55	-0.0132568
0.501	3.6	-0.0125292
0.501	3.65	-0.0118489
0.501	3.7	-0.011205
0.501	3.75	-0.0106047
0.501	3.8	-0.0100445
0.501	3.85	-0.00951331
0.501	3.9	-0.00922955
0.501	3.95	-0.0087457
0.501	4	-0.00829095
0.501	4.05	-0.00786531
0.501	4.1	-0.00746149
0.501	4.15	-0.00708314
0.501	4.2	-0.00672662
0.501	4.25	-0.00639193
0.501	4.3	-0.00607542
0.501	4.35	-0.00577711
0.501	4.4	-0.00549699
0.501	4.45	-0.00523505
0.501	4.5	-0.00498403
0.501	4.55	-0.0047512
0.501	4.6	-0.00463842
0.501	4.65	-0.00442014
0.501	4.7	-0.00421642
0.501	4.75	-0.00401997
0.501	4.8	-0.00383807
0.501	4.85	-0.00366344
0.501	4.9	-0.0034961
0.501	4.95	-0.0033433
0.501	5	-0.00319778
0.551	0.05	-0.892454
0.551	0.1	-1.06169
0.551	0.15	-1.09342
0.551	0.2	-1.07024
0.551	0.25	-1.03247
0.551	0.3	-0.987802
0.551	0.35	-0.925258
0.551	0.4	-0.877339
0.551	0.45	-0.817716
0.551	0.5	-0.761451
0.551	0.55	-0.717002
0.551	0.6	-0.666074
0.551	0.65	-0.618536
0.551	0.7	-0.57428
0.551	0.75	-0.533131
0.551	0.8	-0.494878
0.551	0.85	-0.459342
0.551	0.9	-0.426491
0.551	0.95	-0.397864
0.551	1	-0.368967
0.551	1.05	-0.342206
0.551	1.1	-0.317421
0.551	1.15	-0.294469
0.551	1.2	-0.273223
0.551	1.25	-0.253556
0.551	1.3	-0.235344
0.551	1.35	-0.218486
0.551	1.4	-0.202883
0.551	1.45	-0.188436
0.551	1.5	-0.175063
0.551	1.55	-0.162679
0.551	1.6	-0.151209
0.551	1.65	-0.14059
0.551	1.7	-0.130753
0.551	1.75	-0.12165
0.551	1.8	-0.11321
0.551	1.85	-0.105392
0.551	1.9	-0.0981454
0.551	1.95	-0.0921282
0.551	2	-0.0858854
0.551	2.05	-0.0800828
0.551	2.1	-0.0747023
0.551	2.15	-0.0697073
0.551	2.2	-0.0650689
0.551	2.25	-0.0607579
0.551	2.3	-0.0567561
0.551	2.35	-0.0530417
0.551	2.4	-0.0495857
0.551	2.45	-0.0463733
0.551	2.5	-0.0433902
0.551	2.55	-0.0406144
0.551	2.6	-0.0380314
0.551	2.65	-0.0356267
0.551	2.7	-0.033393
0.551	2.75	-0.0313121
0.551	2.8	-0.029373
0.551	2.85	-0.0280306
0.551	2.9	-0.0263171
0.551	2.95	-0.0247128
0.551	3	-0.0232212
0.551	3.05	-0.0218242
0.551	3.1	-0.0205218
0.551	3.15	-0.0193104
0.551	3.2	-0.0181753
0.551	3.25	-0.0171131
0.551	3.3	-0.0161235
0.551	3.35	-0.0152031
0.551	3.4	-0.0143373
0.551	3.45	-0.013526
0.551	3.5	-0.0127693
0.551	3.55	-0.0123218
0.551	3.6	-0.0116379
0.551	3.65	-0.010994
0.551	3.7	-0.0103937
0.551	3.75	-0.00983346
0.551	3.8	-0.00929867
0.551	3.85	-0.00880755
0.551	3.9	-0.00834189
0.551	3.95	-0.00790533
0.551	4	-0.00749424
0.551	4.05	-0.00710861
0.551	4.1	-0.00674845
0.551	4.15	-0.00640648
0.551	4.2	-0.00623186
0.551	4.25	-0.00591899
0.551	4.3	-0.00562432
0.551	4.35	-0.00534783
0.551	4.4	-0.00508589
0.551	4.45	-0.00484215
0.551	4.5	-0.00460932
0.551	4.55	-0.00439104
0.551	4.6	-0.00418731
0.551	4.65	-0.00399086
0.551	4.7	-0.00380896
0.551	4.75	-0.00363798
0.551	4.8	-0.00347063
0.551	4.85	-0.00339423
0.551	4.9	-0.00324144
0.551	4.95	-0.00309592
0.551	5	-0.00296131
0.601	0.05	-0.915799
0.601	0.1	-1.09431
0.601	0.15	-1.12671
0.601	0.2	-1.10107
0.601	0.25	-1.06
0.601	0.3	-0.995955
0.601	0.35	-0.945383
0.601	0.4	-0.881471
0.601	0.45	-0.831296
0.601	0.5	-0.772085
0.601	0.55	-0.716587
0.601	0.6	-0.664961
0.601	0.65	-0.622436
0.601	0.7	-0.576427
0.601	0.75	-0.533732
0.601	0.8	-0.494158
0.601	0.85	-0.457505
0.601	0.9	-0.423581
0.601	0.95	-0.392185
0.601	1	-0.36315
0.601	1.05	-0.336291
0.601	1.1	-0.311455
0.601	1.15	-0.288495
0.601	1.2	-0.267268
0.601	1.25	-0.247652
0.601	1.3	-0.229513
0.601	1.35	-0.212753
0.601	1.4	-0.197255
0.601	1.45	-0.182939
0.601	1.5	-0.169701
0.601	1.55	-0.157463
0.601	1.6	-0.146149
0.601	1.65	-0.135682
0.601	1.7	-0.126005
0.601	1.75	-0.117063
0.601	1.8	-0.108779
0.601	1.85	-0.101129
0.601	1.9	-0.0940381
0.601	1.95	-0.0874861
0.601	2	-0.0814071
0.601	2.05	-0.0757937
0.601	2.1	-0.0705877
0.601	2.15	-0.0657637
0.601	2.2	-0.0612999
0.601	2.25	-0.0571636
0.601	2.3	-0.0533291
0.601	2.35	-0.0497748
0.601	2.4	-0.0464752
0.601	2.45	-0.0434156
0.601	2.5	-0.0411528
0.601	2.55	-0.0384825
0.601	2.6	-0.0359942
0.601	2.65	-0.0336804
0.601	2.7	-0.0315304
0.601	2.75	-0.0295331
0.601	2.8	-0.0276777
0.601	2.85	-0.0259461
0.601	2.9	-0.0243381
0.601	2.95	-0.0228392
0.601	3	-0.0214459
0.601	3.05	-0.0201508
0.601	3.1	-0.0189393
0.601	3.15	-0.0178115
0.601	3.2	-0.0170912
0.601	3.25	-0.0160871
0.601	3.3	-0.0151413
0.601	3.35	-0.0142609
0.601	3.4	-0.0134387
0.601	3.45	-0.0126711
0.601	3.5	-0.0119544
0.601	3.55	-0.0112814
0.601	3.6	-0.010652
0.601	3.65	-0.0100663
0.601	3.7	-0.00951331
0.601	3.75	-0.009004
0.601	3.8	-0.00852015
0.601	3.85	-0.00825094
0.601	3.9	-0.00781074
0.601	3.95	-0.00739601
0.601	4	-0.00701039
0.601	4.05	-0.00664659
0.601	4.1	-0.00630826
0.601	4.15	-0.00598448
0.601	4.2	-0.00568252
0.601	4.25	-0.00540604
0.601	4.3	-0.00513683
0.601	4.35	-0.00488581
0.601	4.4	-0.00464934
0.601	4.45	-0.00443106
0.601	4.5	-0.00431464
0.601	4.55	-0.00411092
0.601	4.6	-0.00391447
0.601	4.65	-0.0037362
0.601	4.7	-0.00356522
0.601	4.75	-0.00340151
0.601	4.8	-0.00324872
0.601	4.85	-0.00310683
0.601	4.9	-0.00296859
0.601	4.95	-0.00284126
0.601	5	-0.00272121
0.651	0.05	-0.937456
0.651	0.1	-1.10707
0.651	0.15	-1.13785
0.651	0.2	-1.12976
0.651	0.25	-1.06947
0.651	0.3	-1.01728
0.651	0.35	-0.963799
0.651	0.4	-0.896442
0.651	0.45	-0.833134
0.651	0.5	-0.781525
0.651	0.55	-0.723579
0.651	0.6	-0.669625
0.651	0.65	-0.61953
0.651	0.7	-0.577962
0.651	0.75	-0.533877
0.651	0.8	-0.493124
0.651	0.85	-0.455468
0.651	0.9	-0.420707
0.651	0.95	-0.388627
0.651	1	-0.359021
0.651	1.05	-0.331715
0.651	1.1	-0.306532
0.651	1.15	-0.283308
0.651	1.2	-0.261894
0.651	1.25	-0.242151
0.651	1.3	-0.223947
0.651	1.35	-0.207161
0.651	1.4	-0.191689
0.651	1.45	-0.177417
0.651	1.5	-0.164258
0.651	1.55	-0.152122
0.651	1.6	-0.140932
0.651	1.65	-0.130607
0.651	1.7	-0.121076
0.651	1.75	-0.112286
0.651	1.8	-0.104177
0.651	1.85	-0.0966829
0.651	1.9	-0.0897708
0.651	1.95	-0.0833861
0.651	2	-0.0774889
0.651	2.05	-0.0720393
0.651	2.1	-0.0670043
0.651	2.15	-0.0630425
0.651	2.2	-0.0586988
0.651	2.25	-0.0546788
0.651	2.3	-0.0509499
0.651	2.35	-0.0474975
0.651	2.4	-0.0443069
0.651	2.45	-0.0413384
0.651	2.5	-0.038599
0.651	2.55	-0.0360487
0.651	2.6	-0.0336877
0.651	2.65	-0.0315013
0.651	2.7	-0.0294676
0.651	2.75	-0.0275795
0.651	2.8	-0.0258296
0.651	2.85	-0.0242035
0.651	2.9	-0.0230975
0.651	2.95	-0.0216642
0.651	3	-0.0203254
0.651	3.05	-0.0190776
0.651	3.1	-0.017917
0.651	3.15	-0.0168366
0.651	3.2	-0.0158252
0.651	3.25	-0.0148866
0.651	3.3	-0.0140135
0.651	3.35	-0.0131949
0.651	3.4	-0.0124346
0.651	3.45	-0.0117252
0.651	3.5	-0.0110595
0.651	3.55	-0.0106629
0.651	3.6	-0.0100663
0.651	3.65	-0.00950604
0.651	3.7	-0.00897853
0.651	3.75	-0.0084874
0.651	3.8	-0.00802902
0.651	3.85	-0.00759974
0.651	3.9	-0.00719592
0.651	3.95	-0.00681757
0.651	4	-0.00646469
0.651	4.05	-0.00613363
0.651	4.1	-0.0058244
0.651	4.15	-0.00564978
0.651	4.2	-0.00536966
0.651	4.25	-0.00510045
0.651	4.3	-0.00484943
0.651	4.35	-0.00460932
0.651	4.4	-0.0043874
0.651	4.45	-0.00418004
0.651	4.5	-0.00398359
0.651	4.55	-0.00379805
0.651	4.6	-0.00361979
0.651	4.65	-0.00345244
0.651	4.7	-0.00329965
0.651	4.75	-0.00315049
0.651	4.8	-0.00307409
0.651	4.85	-0.00293949
0.651	4.9	-0.00280852
0.651	4.95	-0.00268847
0.651	5	-0.00257205
0.701	0.05	-0.957636
0.701	0.1	-1.13452
0.701	0.15	-1.16626
0.701	0.2	-1.1373
0.701	0.25	-1.09111
0.701	0.3	-1.03733
0.701	0.35	-0.967168
0.701	0.4	-0.910153
0.701	0.45	-0.843378
0.701	0.5	-0.789947
0.701	0.55	-0.729706
0.701	0.6	-0.673735
0.701	0.65	-0.621872
0.701	0.7	-0.573855
0.701	0.75	-0.529482
0.701	0.8	-0.488581
0.701	0.85	-0.453292
0.701	0.9	-0.417785
0.701	0.95	-0.385091
0.701	1	-0.355001
0.701	1.05	-0.327313
0.701	1.1	-0.301832
0.701	1.15	-0.278396
0.701	1.2	-0.256841
0.701	1.25	-0.237011
0.701	1.3	-0.218773
0.701	1.35	-0.201988
0.701	1.4	-0.186559
0.701	1.45	-0.172357
0.701	1.5	-0.159293
0.701	1.55	-0.147269
0.701	1.6	-0.136202
0.701	1.65	-0.12602
0.701	1.7	-0.116645
0.701	1.75	-0.108008
0.701	1.8	-0.100779
0.701	1.85	-0.093467
0.701	1.9	-0.0866821
0.701	1.95	-0.0804321
0.701	2	-0.0746622
0.701	2.05	-0.069329
0.701	2.1	-0.0644141
0.701	2.15	-0.0598702
0.701	2.2	-0.0556756
0.701	2.25	-0.0518012
0.701	2.3	-0.0482214
0.701	2.35	-0.0449108
0.701	2.4	-0.0418477
0.701	2.45	-0.0390173
0.701	2.5	-0.036398
0.701	2.55	-0.0339714
0.701	2.6	-0.0317268
0.701	2.65	-0.0301225
0.701	2.7	-0.0281543
0.701	2.75	-0.0263317
0.701	2.8	-0.0246364
0.701	2.85	-0.0230648
0.701	2.9	-0.0216023
0.701	2.95	-0.020249
0.701	3	-0.0189866
0.701	3.05	-0.0178188
0.701	3.1	-0.0167311
0.701	3.15	-0.0157161
0.701	3.2	-0.0147775
0.701	3.25	-0.0138971
0.701	3.3	-0.0133405
0.701	3.35	-0.0125583
0.701	3.4	-0.0118234
0.701	3.45	-0.0111431
0.701	3.5	-0.0105028
0.701	3.55	-0.00990622
0.701	3.6	-0.00935324
0.701	3.65	-0.00883301
0.701	3.7	-0.00834916
0.701	3.75	-0.00789441
0.701	3.8	-0.00747241
0.701	3.85	-0.00707587
0.701	3.9	-0.00684668
0.701	3.95	-0.00648288
0.701	4	-0.00614455
0.701	4.05	-0.00582804
0.701	4.1	-0.00552609
0.701	4.15	-0.0052496
0.701	4.2	-0.00498767
0.701	4.25	-0.00474029
0.701	4.3	-0.00451109
0.701	4.35	-0.00429281
0.701	4.4	-0.00408909
0.701	4.45	-0.00389628
0.701	4.5	-0.00378714
0.701	4.55	-0.00361251
0.701	4.6	-0.00344517
0.701	4.65	-0.00328873
0.701	4.7	-0.00314321
0.701	4.75	-0.00300133
0.701	4.8	-0.00287037
0.701	4.85	-0.00274304
0.701	4.9	-0.00262662
0.701	4.95	-0.00251748
0.701	5	-0.00241198
0.751	0.05	-0.968092
0.751	0.1	-1.16105
0.751	0.15	-1.193
0.751	0.2	-1.16181
0.751	0.25	-1.11276
0.751	0.3	-1.05607
0.751	0.35	-0.981894
0.751	0.4	-0.922711
0.751	0.45	-0.85315
0.751	0.5	-0.788059
0.751	0.55	-0.735108
0.751	0.6	-0.67725
0.751	0.65	-0.623753
0.751	0.7	-0.574357
0.751	0.75	-0.528813
0.751	0.8	-0.486849
0.751	0.85	-0.44821
0.751	0.9	-0.412667
0.751	0.95	-0.379965
0.751	1	-0.349908
0.751	1.05	-0.322274
0.751	1.1	-0.296874
0.751	1.15	-0.273525
0.751	1.2	-0.252094
0.751	1.25	-0.23227
0.751	1.3	-0.214211
0.751	1.35	-0.197568
0.751	1.4	-0.182274
0.751	1.45	-0.16822
0.751	1.5	-0.155305
0.751	1.55	-0.143427
0.751	1.6	-0.132506
0.751	1.65	-0.122469
0.751	1.7	-0.113232
0.751	1.75	-0.104737
0.751	1.8	-0.096923
0.751	1.85	-0.0897307
0.751	1.9	-0.083106
0.751	1.95	-0.077016
0.751	2	-0.071399
0.751	2.05	-0.0662258
0.751	2.1	-0.06146
0.751	2.15	-0.0570653
0.751	2.2	-0.0530163
0.751	2.25	-0.0492837
0.751	2.3	-0.0458349
0.751	2.35	-0.0426553
0.751	2.4	-0.0402797
0.751	2.45	-0.0375221
0.751	2.5	-0.0349719
0.751	2.55	-0.0326108
0.751	2.6	-0.0304281
0.751	2.65	-0.0284053
0.751	2.7	-0.0265354
0.751	2.75	-0.0248037
0.751	2.8	-0.0231958
0.751	2.85	-0.0217078
0.751	2.9	-0.0203254
0.751	2.95	-0.0190485
0.751	3	-0.0178588
0.751	3.05	-0.017073
0.751	3.1	-0.016018
0.751	3.15	-0.0150394
0.751	3.2	-0.0141263
0.751	3.25	-0.0132786
0.751	3.3	-0.0124892
0.751	3.35	-0.0117543
0.751	3.4	-0.0110704
0.751	3.45	-0.0104301
0.751	3.5	-0.00983709
0.751	3.55	-0.00928048
0.751	3.6	-0.00876753
0.751	3.65	-0.00845102
0.751	3.7	-0.00798536
0.751	3.75	-0.00754881
0.751	3.8	-0.00713771
0.751	3.85	-0.00675573
0.751	3.9	-0.0063992
0.751	3.95	-0.00606087
0.751	4	-0.00575164
0.751	4.05	-0.00545333
0.751	4.1	-0.00518048
0.751	4.15	-0.00492219
0.751	4.2	-0.00468208
0.751	4.25	-0.0045402
0.751	4.3	-0.00431828
0.751	4.35	-0.00410728
0.751	4.4	-0.00391447
0.751	4.45	-0.00372893
0.751	4.5	-0.00355431
0.751	4.55	-0.0033906
0.751	4.6	-0.0032378
0.751	4.65	-0.00309228
0.751	4.7	-0.00295768
0.751	4.75	-0.00283035
0.751	4.8	-0.00270666
0.751	4.85	-0.00263753
0.751	4.9	-0.00252476
0.751	4.95	-0.00241562
0.751	5	-0.00231739
0.801	0.05	-0.983942
0.801	0.1	-1.18593
0.801	0.15	-1.21852
0.801	0.2	-1.18503
0.801	0.25	-1.13318
0.801	0.3	-1.0735
0.801	0.35	-0.996144
0.801	0.4	-0.922326
0.801	0.45	-0.862121
0.801	0.5	-0.794633
0.801	0.55	-0.73194
0.801	0.6	-0.674132
0.801	0.65	-0.625249
0.801	0.7	-0.574568
0.801	0.75	-0.527933
0.801	0.8	-0.485066
0.801	0.85	-0.445689
0.801	0.9	-0.409538
0.801	0.95	-0.376356
0.801	1	-0.345914
0.801	1.05	-0.317988
0.801	1.1	-0.292381
0.801	1.15	-0.268901
0.801	1.2	-0.247364
0.801	1.25	-0.227617
0.801	1.3	-0.209522
0.801	1.35	-0.192911
0.801	1.4	-0.177683
0.801	1.45	-0.163724
0.801	1.5	-0.150911
0.801	1.55	-0.13916
0.801	1.6	-0.128373
0.801	1.65	-0.118478
0.801	1.7	-0.109394
0.801	1.75	-0.101056
0.801	1.8	-0.0933942
0.801	1.85	-0.0863583
0.801	1.9	-0.0798937
0.801	1.95	-0.0739528
0.801	2	-0.0684886
0.801	2.05	-0.0634645
0.801	2.1	-0.0588443
0.801	2.15	-0.05525
0.801	2.2	-0.0512809
0.801	2.25	-0.0476284
0.801	2.3	-0.0442597
0.801	2.35	-0.0411492
0.801	2.4	-0.0382825
0.801	2.45	-0.035634
0.801	2.5	-0.0331893
0.801	2.55	-0.0309337
0.801	2.6	-0.0288455
0.801	2.65	-0.026921
0.801	2.7	-0.0251384
0.801	2.75	-0.0234868
0.801	2.8	-0.0223445
0.801	2.85	-0.0209038
0.801	2.9	-0.0195578
0.801	2.95	-0.0183136
0.801	3	-0.0171603
0.801	3.05	-0.0160871
0.801	3.1	-0.0150903
0.801	3.15	-0.0141699
0.801	3.2	-0.0133114
0.801	3.25	-0.012511
0.801	3.3	-0.0117689
0.801	3.35	-0.0110813
0.801	3.4	-0.0106447
0.801	3.45	-0.0100263
0.801	3.5	-0.00945147
0.801	3.55	-0.00891305
0.801	3.6	-0.00841101
0.801	3.65	-0.00794535
0.801	3.7	-0.00750879
0.801	3.75	-0.00710133
0.801	3.8	-0.00671935
0.801	3.85	-0.00636282
0.801	3.9	-0.00603177
0.801	3.95	-0.0057189
0.801	4	-0.00552973
0.801	4.05	-0.00524597
0.801	4.1	-0.00498039
0.801	4.15	-0.00473301
0.801	4.2	-0.00449654
0.801	4.25	-0.00427826
0.801	4.3	-0.0040709
0.801	4.35	-0.00387809
0.801	4.4	-0.00369619
0.801	4.45	-0.0035252
0.801	4.5	-0.00336513
0.801	4.55	-0.00321234
0.801	4.6	-0.00312139
0.801	4.65	-0.00298314
0.801	4.7	-0.00285218
0.801	4.75	-0.00272485
0.801	4.8	-0.00260843
0.801	4.85	-0.00250293
0.801	4.9	-0.00239743
0.801	4.95	-0.0022992
0.801	5	-0.00220825
0.851	0.05	-0.999993
0.851	0.1	-1.20968
0.851	0.15	-1.23191
0.851	0.2	-1.20712
0.851	0.25	-1.15248
0.851	0.3	-1.07377
0.851	0.35	-1.00938
0.851	0.4	-0.932527
0.851	0.45	-0.870274
0.851	0.5	-0.800643
0.851	0.55	-0.735974
0.851	0.6	-0.676217
0.851	0.65	-0.621145
0.851	0.7	-0.574528
0.851	0.75	-0.526903
0.851	0.8	-0.483204
0.851	0.85	-0.443149
0.851	0.9	-0.406446
0.851	0.95	-0.372838
0.851	1	-0.342065
0.851	1.05	-0.313896
0.851	1.1	-0.288121
0.851	1.15	-0.264532
0.851	1.2	-0.242937
0.851	1.25	-0.223183
0.851	1.3	-0.205102
0.851	1.35	-0.188556
0.851	1.4	-0.173415
0.851	1.45	-0.159547
0.851	1.5	-0.146858
0.851	1.55	-0.135238
0.851	1.6	-0.12459
0.851	1.65	-0.114836
0.851	1.7	-0.105905
0.851	1.75	-0.0977161
0.851	1.8	-0.0902
0.851	1.85	-0.083317
0.851	1.9	-0.07774
0.851	1.95	-0.0719156
0.851	2	-0.0665423
0.851	2.05	-0.0616092
0.851	2.1	-0.0570726
0.851	2.15	-0.0528998
0.851	2.2	-0.0490545
0.851	2.25	-0.045522
0.851	2.3	-0.0422733
0.851	2.35	-0.0392756
0.851	2.4	-0.036518
0.851	2.45	-0.0339714
0.851	2.5	-0.0316286
0.851	2.55	-0.029464
0.851	2.6	-0.0279178
0.851	2.65	-0.0260334
0.851	2.7	-0.0242944
0.851	2.75	-0.0226828
0.851	2.8	-0.0211876
0.851	2.85	-0.0198124
0.851	2.9	-0.0185355
0.851	2.95	-0.0173532
0.851	3	-0.0162581
0.851	3.05	-0.0152395
0.851	3.1	-0.0143009
0.851	3.15	-0.0134278
0.851	3.2	-0.012853
0.851	3.25	-0.0120781
0.851	3.3	-0.0113578
0.851	3.35	-0.0106847
0.851	3.4	-0.010059
0.851	3.45	-0.00947693
0.851	3.5	-0.00893124
0.851	3.55	-0.00842556
0.851	3.6	-0.0079599
0.851	3.65	-0.0075197
0.851	3.7	-0.00711225
0.851	3.75	-0.00672662
0.851	3.8	-0.00648652
0.851	3.85	-0.00614455
0.851	3.9	-0.00581713
0.851	3.95	-0.00551518
0.851	4	-0.00523505
0.851	4.05	-0.00496584
0.851	4.1	-0.00471846
0.851	4.15	-0.00448563
0.851	4.2	-0.00426735
0.851	4.25	-0.00405998
0.851	4.3	-0.00387081
0.851	4.35	-0.00369255
0.851	4.4	-0.00357613
0.851	4.45	-0.00341242
0.851	4.5	-0.00325235
0.851	4.55	-0.00311047
0.851	4.6	-0.00297223
0.851	4.65	-0.00284126
0.851	4.7	-0.00271757
0.851	4.75	-0.00260479
0.851	4.8	-0.00249565
0.851	4.85	-0.00239379
0.851	4.9	-0.00229556
0.851	4.95	-0.00220462
0.851	5	-0.00214277
0.901	0.05	-1.01521
0.901	0.1	-1.21564
0.901	0.15	-1.24555
0.901	0.2	-1.2279
0.901	0.25	-1.15468
0.901	0.3	-1.08873
0.901	0.35	-1.02182
0.901	0.4	-0.942233
0.901	0.45	-0.867531
0.901	0.5	-0.806038
0.901	0.55	-0.739601
0.901	0.6	-0.678257
0.901	0.65	-0.621814
0.901	0.7	-0.569951
0.901	0.75	-0.522403
0.901	0.8	-0.481283
0.901	0.85	-0.440603
0.901	0.9	-0.403412
0.901	0.95	-0.369419
0.901	1	-0.338361
0.901	1.05	-0.309985
0.901	1.1	-0.284061
0.901	1.15	-0.260388
0.901	1.2	-0.238768
0.901	1.25	-0.219017
0.901	1.3	-0.200977
0.901	1.35	-0.1845
0.901	1.4	-0.169446
0.901	1.45	-0.155687
0.901	1.5	-0.143114
0.901	1.55	-0.131618
0.901	1.6	-0.121116
0.901	1.65	-0.112275
0.901	1.7	-0.103471
0.901	1.75	-0.0953914
0.901	1.8	-0.0879882
0.901	1.85	-0.0812033
0.901	1.9	-0.0749824
0.901	1.95	-0.069278
0.901	2	-0.0640393
0.901	2.05	-0.0592445
0.901	2.1	-0.0548353
0.901	2.15	-0.0507898
0.901	2.2	-0.0470682
0.901	2.25	-0.0436521
0.901	2.3	-0.0405089
0.901	2.35	-0.0376167
0.901	2.4	-0.0354739
0.901	2.45	-0.0329928
0.901	2.5	-0.03069
0.901	2.55	-0.028569
0.901	2.6	-0.0266118
0.901	2.65	-0.0248074
0.901	2.7	-0.0231448
0.901	2.75	-0.0216023
0.901	2.8	-0.0201799
0.901	2.85	-0.0188629
0.901	2.9	-0.0176442
0.901	2.95	-0.0165201
0.901	3	-0.0157597
0.901	3.05	-0.0147702
0.901	3.1	-0.0138498
0.901	3.15	-0.0129949
0.901	3.2	-0.0122018
0.901	3.25	-0.0114669
0.901	3.3	-0.010783
0.901	3.35	-0.0101463
0.901	3.4	-0.00955333
0.901	3.45	-0.009004
0.901	3.5	-0.00849468
0.901	3.55	-0.00801811
0.901	3.6	-0.00771252
0.901	3.65	-0.00728323
0.901	3.7	-0.00688306
0.901	3.75	-0.00651198
0.901	3.8	-0.00616274
0.901	3.85	-0.00583532
0.901	3.9	-0.00553337
0.901	3.95	-0.0052496
0.901	4	-0.00498403
0.901	4.05	-0.00473665
0.901	4.1	-0.00450382
0.901	4.15	-0.00435102
0.901	4.2	-0.00414366
0.901	4.25	-0.00393993
0.901	4.3	-0.00375439
0.901	4.35	-0.00357977
0.901	4.4	-0.00341242
0.901	4.45	-0.00325963
0.901	4.5	-0.00311411
0.901	4.55	-0.00297587
0.901	4.6	-0.00284854
0.901	4.65	-0.00272848
0.901	4.7	-0.00261207
0.901	4.75	-0.00250293
0.901	4.8	-0.00243017
0.901	4.85	-0.00233194
0.901	4.9	-0.00223372
0.901	4.95	-0.00215005
0.901	5	-0.00206273
0.951	0.05	-1.02957
0.951	0.1	-1.23519
0.951	0.15	-1.26658
0.951	0.2	-1.22908
0.951	0.25	-1.16978
0.951	0.3	-1.103
0.951	0.35	-1.02105
0.951	0.4	-0.951299
0.951	0.45	-0.874228
0.951	0.5	-0.802884
0.951	0.55	-0.742803
0.951	0.6	-0.679993
0.951	0.65	-0.622298
0.951	0.7	-0.569376
0.951	0.75	-0.520915
0.951	0.8	-0.476564
0.951	0.85	-0.436019
0.951	0.9	-0.398966
0.951	0.95	-0.365122
0.951	1	-0.334792
0.951	1.05	-0.306241
0.951	1.1	-0.280197
0.951	1.15	-0.25647
0.951	1.2	-0.234832
0.951	1.25	-0.215099
0.951	1.3	-0.197502
0.951	1.35	-0.181277
0.951	1.4	-0.166368
0.951	1.45	-0.152748
0.951	1.5	-0.140306
0.951	1.55	-0.128941
0.951	1.6	-0.118554
0.951	1.65	-0.109056
0.951	1.7	-0.100379
0.951	1.75	-0.0924447
0.951	1.8	-0.0851796
0.951	1.85	-0.078533
0.951	1.9	-0.072454
0.951	1.95	-0.0668842
0.951	2	-0.0617838
0.951	2.05	-0.057109
0.951	2.1	-0.0528235
0.951	2.15	-0.0488908
0.951	2.2	-0.0452856
0.951	2.25	-0.0425462
0.951	2.3	-0.0394575
0.951	2.35	-0.0366126
0.951	2.4	-0.0340005
0.951	2.45	-0.0315922
0.951	2.5	-0.029373
0.951	2.55	-0.0273358
0.951	2.6	-0.0254586
0.951	2.65	-0.0237269
0.951	2.7	-0.0221298
0.951	2.75	-0.0206528
0.951	2.8	-0.0192922
0.951	2.85	-0.0183463
0.951	2.9	-0.0171531
0.951	2.95	-0.0160508
0.951	3	-0.0150285
0.951	3.05	-0.014079
0.951	3.1	-0.0132022
0.951	3.15	-0.012391
0.951	3.2	-0.0116379
0.951	3.25	-0.0109394
0.951	3.3	-0.0102882
0.951	3.35	-0.0096843
0.951	3.4	-0.0092914
0.951	3.45	-0.00875298
0.951	3.5	-0.00825094
0.951	3.55	-0.00778527
0.951	3.6	-0.00734872
0.951	3.65	-0.0069449
0.951	3.7	-0.00656655
0.951	3.75	-0.00621367
0.951	3.8	-0.00588625
0.951	3.85	-0.00558066
0.951	3.9	-0.00529326
0.951	3.95	-0.00502769
0.951	4	-0.00484943
0.951	4.05	-0.00460568
0.951	4.1	-0.00437649
0.951	4.15	-0.00416185
0.951	4.2	-0.0039654
0.951	4.25	-0.00377622
0.951	4.3	-0.0036016
0.951	4.35	-0.00343425
0.951	4.4	-0.00328146
0.951	4.45	-0.00313594
0.951	4.5	-0.00299769
0.951	4.55	-0.00286673
0.951	4.6	-0.00277942
0.951	4.65	-0.002663
0.951	4.7	-0.00255022
0.951	4.75	-0.00244108
0.951	4.8	-0.0023465
0.951	4.85	-0.00225191
0.951	4.9	-0.00216096
0.951	4.95	-0.00208092
0.951	5	-0.00199725
1.001	0.05	-1.0431
1.001	0.1	-1.25531
1.001	0.15	-1.28702
1.001	0.2	-1.24689
1.001	0.25	-1.18577
1.001	0.3	-1.11639
1.001	0.35	-1.03057
1.001	0.4	-0.959775
1.001	0.45	-0.880471
1.001	0.5	-0.806816
1.001	0.55	-0.74568
1.001	0.6	-0.68147
1.001	0.65	-0.622589
1.001	0.7	-0.568689
1.001	0.75	-0.51942
1.001	0.8	-0.474407
1.001	0.85	-0.433327
1.001	0.9	-0.395852
1.001	0.95	-0.361688
1.001	1	-0.330539
1.001	1.05	-0.302152
1.001	1.1	-0.276275
1.001	1.15	-0.252712
1.001	1.2	-0.231226
1.001	1.25	-0.211658
1.001	1.3	-0.193813
1.001	1.35	-0.177562
1.001	1.4	-0.162741
1.001	1.45	-0.149234
1.001	1.5	-0.136919
1.001	1.55	-0.125678
1.001	1.6	-0.115422
1.001	1.65	-0.106069
1.001	1.7	-0.0975269
1.001	1.75	-0.0897307
1.001	1.8	-0.0826076
1.001	1.85	-0.0760992
1.001	1.9	-0.0701511
1.001	1.95	-0.0647087
1.001	2	-0.059732
1.001	2.05	-0.0558321
1.001	2.1	-0.0516229
1.001	2.15	-0.0477448
1.001	2.2	-0.0441905
1.001	2.25	-0.0409309
1.001	2.3	-0.0379368
1.001	2.35	-0.0351829
1.001	2.4	-0.0326618
1.001	2.45	-0.0303371
1.001	2.5	-0.0282052
1.001	2.55	-0.0262407
1.001	2.6	-0.0244327
1.001	2.65	-0.0231084
1.001	2.7	-0.0215805
1.001	2.75	-0.0201289
1.001	2.8	-0.0187865
1.001	2.85	-0.0175496
1.001	2.9	-0.0164109
1.001	2.95	-0.0153559
1.001	3	-0.0143773
1.001	3.05	-0.0134751
1.001	3.1	-0.0126383
1.001	3.15	-0.0118634
1.001	3.2	-0.0111431
1.001	3.25	-0.0106593
1.001	3.3	-0.0100263
1.001	3.35	-0.00943328
1.001	3.4	-0.00888031
1.001	3.45	-0.00836735
1.001	3.5	-0.00789441
1.001	3.55	-0.00745422
1.001	3.6	-0.00703949
1.001	3.65	-0.00665386
1.001	3.7	-0.00629734
1.001	3.75	-0.00596629
1.001	3.8	-0.00574437
1.001	3.85	-0.00544242
1.001	3.9	-0.00515865
1.001	3.95	-0.00489672
1.001	4	-0.00465297
1.001	4.05	-0.00442014
1.001	4.1	-0.0042055
1.001	4.15	-0.00400178
1.001	4.2	-0.00381624
1.001	4.25	-0.00364162
1.001	4.3	-0.00347427
1.001	4.35	-0.0033142
1.001	4.4	-0.0032087
1.001	4.45	-0.00306682
1.001	4.5	-0.00292857
1.001	4.55	-0.00280488
1.001	4.6	-0.00268483
1.001	4.65	-0.00257569
1.001	4.7	-0.00246655
1.001	4.75	-0.00236832
1.001	4.8	-0.00227374
1.001	4.85	-0.00218643
1.001	4.9	-0.00210275
1.001	4.95	-0.00202272
1.001	5	-0.00194996
1.051	0.05	-1.05599
1.051	0.1	-1.27433
1.051	0.15	-1.30645
1.051	0.2	-1.26451
1.051	0.25	-1.20101
1.051	0.3	-1.12907
1.051	0.35	-1.04048
1.051	0.4	-0.967677
1.051	0.45	-0.886314
1.051	0.5	-0.810807
1.051	0.55	-0.741187
1.051	0.6	-0.682699
1.051	0.65	-0.622716
1.051	0.7	-0.567899
1.051	0.75	-0.517863
1.051	0.8	-0.47225
1.051	0.85	-0.430693
1.051	0.9	-0.392847
1.051	0.95	-0.358403
1.051	1	-0.327058
1.051	1.05	-0.298536
1.051	1.1	-0.272594
1.051	1.15	-0.248994
1.051	1.2	-0.227519
1.051	1.25	-0.207994
1.051	1.3	-0.190226
1.051	1.35	-0.174052
1.051	1.4	-0.15934
1.051	1.45	-0.145941
1.051	1.5	-0.133747
1.051	1.55	-0.122644
1.051	1.6	-0.112526
1.051	1.65	-0.103308
1.051	1.7	-0.094904
1.051	1.75	-0.0872424
1.051	1.8	-0.0802502
1.051	1.85	-0.0738728
1.051	1.9	-0.0687614
1.051	1.95	-0.0633881
1.051	2	-0.0584732
1.051	2.05	-0.0539731
1.051	2.1	-0.0498585
1.051	2.15	-0.0460859
1.051	2.2	-0.0426371
1.051	2.25	-0.0394684
1.051	2.3	-0.036569
1.051	2.35	-0.033906
1.051	2.4	-0.0314649
1.051	2.45	-0.0292202
1.051	2.5	-0.0275722
1.051	2.55	-0.0256514
1.051	2.6	-0.0238724
1.051	2.65	-0.0222281
1.051	2.7	-0.0207183
1.051	2.75	-0.0193213
1.051	2.8	-0.0180371
1.051	2.85	-0.0168475
1.051	2.9	-0.0157561
1.051	2.95	-0.0147411
1.051	3	-0.0138061
1.051	3.05	-0.0129439
1.051	3.1	-0.0123473
1.051	3.15	-0.0115833
1.051	3.2	-0.0108776
1.051	3.25	-0.0102191
1.051	3.3	-0.00961518
1.051	3.35	-0.00904765
1.051	3.4	-0.00852378
1.051	3.45	-0.0080363
1.051	3.5	-0.00758519
1.051	3.55	-0.00716318
1.051	3.6	-0.00677028
1.051	3.65	-0.00650834
1.051	3.7	-0.00615546
1.051	3.75	-0.0058244
1.051	3.8	-0.00551881
1.051	3.85	-0.00523141
1.051	3.9	-0.00496584
1.051	3.95	-0.00471846
1.051	4	-0.00448563
1.051	4.05	-0.00426735
1.051	4.1	-0.00406362
1.051	4.15	-0.00387081
1.051	4.2	-0.0037362
1.051	4.25	-0.00356158
1.051	4.3	-0.00340151
1.051	4.35	-0.00324872
1.051	4.4	-0.0031032
1.051	4.45	-0.00296859
1.051	4.5	-0.00284126
1.051	4.55	-0.00272121
1.051	4.6	-0.00260843
1.051	4.65	-0.00250293
1.051	4.7	-0.0024047
1.051	4.75	-0.00230648
1.051	4.8	-0.00221553
1.051	4.85	-0.00215005
1.051	4.9	-0.00207001
1.051	4.95	-0.00198997
1.051	5	-0.00191721
1.101	0.05	-1.06305
1.101	0.1	-1.29263
1.101	0.15	-1.32525
1.101	0.2	-1.28128
1.101	0.25	-1.21563
1.101	0.3	-1.13292
1.101	0.35	-1.05009
1.101	0.4	-0.963708
1.101	0.45	-0.891705
1.101	0.5	-0.814442
1.101	0.55	-0.743315
1.101	0.6	-0.678054
1.101	0.65	-0.619257
1.101	0.7	-0.567015
1.101	0.75	-0.51628
1.101	0.8	-0.4701
1.101	0.85	-0.428103
1.101	0.9	-0.389915
1.101	0.95	-0.355227
1.101	1	-0.323704
1.101	1.05	-0.295073
1.101	1.1	-0.269069
1.101	1.15	-0.245458
1.101	1.2	-0.224012
1.101	1.25	-0.204527
1.101	1.3	-0.186832
1.101	1.35	-0.170759
1.101	1.4	-0.156153
1.101	1.45	-0.142867
1.101	1.5	-0.1308
1.101	1.55	-0.119824
1.101	1.6	-0.109838
1.101	1.65	-0.10075
1.101	1.7	-0.0932632
1.101	1.75	-0.0856999
1.101	1.8	-0.0787804
1.101	1.85	-0.0724685
1.101	1.9	-0.0667133
1.101	1.95	-0.0614491
1.101	2	-0.0566506
1.101	2.05	-0.0522632
1.101	2.1	-0.0482505
1.101	2.15	-0.0445834
1.101	2.2	-0.0412219
1.101	2.25	-0.0381515
1.101	2.3	-0.0353357
1.101	2.35	-0.0331929
1.101	2.4	-0.0308319
1.101	2.45	-0.0286163
1.101	2.5	-0.0265791
1.101	2.55	-0.0247055
1.101	2.6	-0.0229848
1.101	2.65	-0.0214022
1.101	2.7	-0.019947
1.101	2.75	-0.0186046
1.101	2.8	-0.0173677
1.101	2.85	-0.0162254
1.101	2.9	-0.0151776
1.101	2.95	-0.0144355
1.101	3	-0.0135115
1.101	3.05	-0.0126602
1.101	3.1	-0.0118671
1.101	3.15	-0.0111395
1.101	3.2	-0.0104628
1.101	3.25	-0.00983709
1.101	3.3	-0.00925502
1.101	3.35	-0.0087166
1.101	3.4	-0.00821456
1.101	3.45	-0.00775253
1.101	3.5	-0.00742875
1.101	3.55	-0.00701402
1.101	3.6	-0.0066284
1.101	3.65	-0.00626824
1.101	3.7	-0.00593354
1.101	3.75	-0.00562068
1.101	3.8	-0.005326
1.101	3.85	-0.00505679
1.101	3.9	-0.00480213
1.101	3.95	-0.00456566
1.101	4	-0.00434375
1.101	4.05	-0.00418368
1.101	4.1	-0.00398722
1.101	4.15	-0.00379441
1.101	4.2	-0.00361979
1.101	4.25	-0.00345608
1.101	4.3	-0.00329601
1.101	4.35	-0.00315413
1.101	4.4	-0.00301588
1.101	4.45	-0.00288856
1.101	4.5	-0.00276486
1.101	4.55	-0.00265209
1.101	4.6	-0.00254659
1.101	4.65	-0.00246291
1.101	4.7	-0.00236469
1.101	4.75	-0.00227374
1.101	4.8	-0.00218279
1.101	4.85	-0.00210275
1.101	4.9	-0.00202272
1.101	4.95	-0.00194996
1.101	5	-0.00188084
1.151	0.05	-1.07151
1.151	0.1	-1.31027
1.151	0.15	-1.34315
1.151	0.2	-1.29759
1.151	0.25	-1.22942
1.151	0.3	-1.13722
1.151	0.35	-1.05909
1.151	0.4	-0.970362
1.151	0.45	-0.896718
1.151	0.5	-0.817807
1.151	0.55	-0.745222
1.151	0.6	-0.678767
1.151	0.65	-0.618013
1.151	0.7	-0.562635
1.151	0.75	-0.514672
1.151	0.8	-0.467968
1.151	0.85	-0.425556
1.151	0.9	-0.38707
1.151	0.95	-0.352145
1.151	1	-0.320473
1.151	1.05	-0.291751
1.151	1.1	-0.265707
1.151	1.15	-0.242089
1.151	1.2	-0.220676
1.151	1.25	-0.201257
1.151	1.3	-0.183638
1.151	1.35	-0.16766
1.151	1.4	-0.153155
1.151	1.45	-0.139997
1.151	1.5	-0.12805
1.151	1.55	-0.117987
1.151	1.6	-0.108099
1.151	1.65	-0.0990913
1.151	1.7	-0.0909022
1.151	1.75	-0.0834443
1.151	1.8	-0.0766486
1.151	1.85	-0.0704604
1.151	1.9	-0.0648179
1.151	1.95	-0.0596738
1.151	2	-0.0549808
1.151	2.05	-0.0506952
1.151	2.1	-0.0467844
1.151	2.15	-0.0432083
1.151	2.2	-0.0399377
1.151	2.25	-0.0374639
1.151	2.3	-0.0346736
1.151	2.35	-0.0321197
1.151	2.4	-0.0297769
1.151	2.45	-0.0276304
1.151	2.5	-0.0256623
1.151	2.55	-0.0238506
1.151	2.6	-0.022188
1.151	2.65	-0.0206601
1.151	2.7	-0.0192558
1.151	2.75	-0.0179643
1.151	2.8	-0.0170403
1.151	2.85	-0.0159125
1.151	2.9	-0.0148757
1.151	2.95	-0.0139116
1.151	3	-0.013024
1.151	3.05	-0.0122054
1.151	3.1	-0.0114487
1.151	3.15	-0.0107466
1.151	3.2	-0.010099
1.151	3.25	-0.00949512
1.151	3.3	-0.00893851
1.151	3.35	-0.00854925
1.151	3.4	-0.00805449
1.151	3.45	-0.0075961
1.151	3.5	-0.00717046
1.151	3.55	-0.00677392
1.151	3.6	-0.00640284
1.151	3.65	-0.00605723
1.151	3.7	-0.00574073
1.151	3.75	-0.00543878
1.151	3.8	-0.00516229
1.151	3.85	-0.00490036
1.151	3.9	-0.00471482
1.151	3.95	-0.00448199
1.151	4	-0.00426371
1.151	4.05	-0.00405635
1.151	4.1	-0.00386717
1.151	4.15	-0.00368527
1.151	4.2	-0.00352156
1.151	4.25	-0.00336149
1.151	4.3	-0.00321234
1.151	4.35	-0.00307409
1.151	4.4	-0.00294312
1.151	4.45	-0.00282307
1.151	4.5	-0.00272848
1.151	4.55	-0.00261207
1.151	4.6	-0.00251021
1.151	4.65	-0.00240834
1.151	4.7	-0.00231375
1.151	4.75	-0.00222644
1.151	4.8	-0.00214277
1.151	4.85	-0.00206273
1.151	4.9	-0.00198634
1.151	4.95	-0.00191721
1.151	5	-0.00184809
1.201	0.05	-1.08192
1.201	0.1	-1.32706
1.201	0.15	-1.34257
1.201	0.2	-1.31313
1.201	0.25	-1.24271
1.201	0.3	-1.14779
1.201	0.35	-1.0676
1.201	0.4	-0.976746
1.201	0.45	-0.892076
1.201	0.5	-0.820906
1.201	0.55	-0.746957
1.201	0.6	-0.679316
1.201	0.65	-0.617616
1.201	0.7	-0.561427
1.201	0.75	-0.510314
1.201	0.8	-0.46389
1.201	0.85	-0.421995
1.201	0.9	-0.384294
1.201	0.95	-0.349177
1.201	1	-0.31737
1.201	1.05	-0.288575
1.201	1.1	-0.262498
1.201	1.15	-0.238895
1.201	1.2	-0.217507
1.201	1.25	-0.198153
1.201	1.3	-0.181277
1.201	1.35	-0.165441
1.201	1.4	-0.151053
1.201	1.45	-0.138007
1.201	1.5	-0.126165
1.201	1.55	-0.1154
1.201	1.6	-0.105632
1.201	1.65	-0.096752
1.201	1.7	-0.088683
1.201	1.75	-0.0813488
1.201	1.8	-0.0746732
1.201	1.85	-0.0686014
1.201	1.9	-0.0630753
1.201	1.95	-0.0580367
1.201	2	-0.0534419
1.201	2.05	-0.0492619
1.201	2.1	-0.0460204
1.201	2.15	-0.0424843
1.201	2.2	-0.0392502
1.201	2.25	-0.0362852
1.201	2.3	-0.0335785
1.201	2.35	-0.0310938
1.201	2.4	-0.0288237
1.201	2.45	-0.0267428
1.201	2.5	-0.0248328
1.201	2.55	-0.023083
1.201	2.6	-0.021475
1.201	2.65	-0.0203108
1.201	2.7	-0.0189211
1.201	2.75	-0.0176406
1.201	2.8	-0.0164582
1.201	2.85	-0.0153705
1.201	2.9	-0.0143664
1.201	2.95	-0.0134423
1.201	3	-0.0125874
1.201	3.05	-0.0118016
1.201	3.1	-0.011074
1.201	3.15	-0.0103973
1.201	3.2	-0.00992804
1.201	3.25	-0.00932778
1.201	3.3	-0.00877844
1.201	3.35	-0.00826549
1.201	3.4	-0.00779255
1.201	3.45	-0.00735236
1.201	3.5	-0.0069449
1.201	3.55	-0.00655928
1.201	3.6	-0.00620639
1.201	3.65	-0.00587897
1.201	3.7	-0.00557338
1.201	3.75	-0.0053551
1.201	3.8	-0.00507498
1.201	3.85	-0.00482032
1.201	3.9	-0.00458022
1.201	3.95	-0.00435466
1.201	4	-0.0041473
1.201	4.05	-0.00395084
1.201	4.1	-0.00376531
1.201	4.15	-0.00359432
1.201	4.2	-0.00343425
1.201	4.25	-0.00328146
1.201	4.3	-0.00313958
1.201	4.35	-0.00303407
1.201	4.4	-0.00289947
1.201	4.45	-0.00277942
1.201	4.5	-0.00266664
1.201	4.55	-0.00256114
1.201	4.6	-0.00245927
1.201	4.65	-0.00236469
1.201	4.7	-0.00227374
1.201	4.75	-0.00218643
1.201	4.8	-0.00210639
1.201	4.85	-0.00202999
1.201	4.9	-0.00195723
1.201	4.95	-0.00189175
1.201	5	-0.00183354
1.251	0.05	-1.09226
1.251	0.1	-1.32931
1.251	0.15	-1.35722
1.251	0.2	-1.328
1.251	0.25	-1.23878
1.251	0.3	-1.158
1.251	0.35	-1.07575
1.251	0.4	-0.982753
1.251	0.45	-0.896191
1.251	0.5	-0.823722
1.251	0.55	-0.748507
1.251	0.6	-0.679771
1.251	0.65	-0.617161
1.251	0.7	-0.56022
1.251	0.75	-0.508528
1.251	0.8	-0.46163
1.251	0.85	-0.41911
1.251	0.9	-0.380584
1.251	0.95	-0.345684
1.251	1	-0.314085
1.251	1.05	-0.285479
1.251	1.1	-0.259584
1.251	1.15	-0.236134
1.251	1.2	-0.214917
1.251	1.25	-0.195701
1.251	1.3	-0.178297
1.251	1.35	-0.162545
1.251	1.4	-0.148262
1.251	1.45	-0.135333
1.251	1.5	-0.123597
1.251	1.55	-0.112963
1.251	1.6	-0.103322
1.251	1.65	-0.0945656
1.251	1.7	-0.0866166
1.251	1.75	-0.0794025
1.251	1.8	-0.0728432
1.251	1.85	-0.0668842
1.251	1.9	-0.0614673
1.251	1.95	-0.0571308
1.251	2	-0.0526488
1.251	2.05	-0.0484943
1.251	2.1	-0.0447108
1.251	2.15	-0.0412474
1.251	2.2	-0.0380933
1.251	2.25	-0.0352084
1.251	2.3	-0.0325745
1.251	2.35	-0.0301661
1.251	2.4	-0.0279542
1.251	2.45	-0.0259352
1.251	2.5	-0.0240834
1.251	2.55	-0.0227228
1.251	2.6	-0.0211294
1.251	2.65	-0.0196633
1.251	2.7	-0.0183136
1.251	2.75	-0.017073
1.251	2.8	-0.0159307
1.251	2.85	-0.014883
1.251	2.9	-0.0139153
1.251	2.95	-0.013024
1.251	3	-0.0122018
1.251	3.05	-0.0114414
1.251	3.1	-0.0108994
1.251	3.15	-0.01023
1.251	3.2	-0.0096079
1.251	3.25	-0.00903674
1.251	3.3	-0.00850923
1.251	3.35	-0.00801447
1.251	3.4	-0.00755972
1.251	3.45	-0.00713408
1.251	3.5	-0.00674481
1.251	3.55	-0.00637738
1.251	3.6	-0.0061118
1.251	3.65	-0.00578802
1.251	3.7	-0.00548607
1.251	3.75	-0.00520231
1.251	3.8	-0.00493674
1.251	3.85	-0.00469299
1.251	3.9	-0.00446016
1.251	3.95	-0.00424552
1.251	4	-0.00404543
1.251	4.05	-0.00385626
1.251	4.1	-0.00368163
1.251	4.15	-0.00351429
1.251	4.2	-0.0033906
1.251	4.25	-0.0032378
1.251	4.3	-0.00309956
1.251	4.35	-0.00296859
1.251	4.4	-0.00284126
1.251	4.45	-0.00272485
1.251	4.5	-0.00261934
1.251	4.55	-0.00251384
1.251	4.6	-0.00241562
1.251	4.65	-0.00232467
1.251	4.7	-0.00223736
1.251	4.75	-0.00215368
1.251	4.8	-0.00207729
1.251	4.85	-0.0020118
1.251	4.9	-0.00193904
1.251	4.95	-0.00187356
1.251	5	-0.00181171
1.301	0.05	-1.10215
1.301	0.1	-1.342
1.301	0.15	-1.37291
1.301	0.2	-1.32506
1.301	0.25	-1.25022
1.301	0.3	-1.16776
1.301	0.35	-1.07104
1.301	0.4	-0.98849
1.301	0.45	-0.900163
1.301	0.5	-0.818785
1.301	0.55	-0.749857
1.301	0.6	-0.680087
1.301	0.65	-0.61663
1.301	0.7	-0.559001
1.301	0.75	-0.506752
1.301	0.8	-0.459422
1.301	0.85	-0.416578
1.301	0.9	-0.377815
1.301	0.95	-0.342759
1.301	1	-0.311058
1.301	1.05	-0.282402
1.301	1.1	-0.256492
1.301	1.15	-0.233078
1.301	1.2	-0.211909
1.301	1.25	-0.192762
1.301	1.3	-0.175452
1.301	1.35	-0.159795
1.301	1.4	-0.145625
1.301	1.45	-0.132804
1.301	1.5	-0.121196
1.301	1.55	-0.110678
1.301	1.6	-0.10115
1.301	1.65	-0.0925247
1.301	1.7	-0.0846958
1.301	1.75	-0.0775944
1.301	1.8	-0.0711443
1.301	1.85	-0.0659857
1.301	1.9	-0.0606087
1.301	1.95	-0.055712
1.301	2	-0.0512555
1.301	2.05	-0.0471919
1.301	2.1	-0.043492
1.301	2.15	-0.040116
1.301	2.2	-0.0370383
1.301	2.25	-0.0342261
1.301	2.3	-0.0316577
1.301	2.35	-0.0293148
1.301	2.4	-0.0271684
1.301	2.45	-0.0255641
1.301	2.5	-0.0237233
1.301	2.55	-0.0220389
1.301	2.6	-0.0204891
1.301	2.65	-0.0190703
1.301	2.7	-0.0177643
1.301	2.75	-0.0165637
1.301	2.8	-0.0154614
1.301	2.85	-0.0144464
1.301	2.9	-0.0135115
1.301	2.95	-0.0128384
1.301	3	-0.0120199
1.301	3.05	-0.0112668
1.301	3.1	-0.0105683
1.301	3.15	-0.00992441
1.301	3.2	-0.00932778
1.301	3.25	-0.00877844
1.301	3.3	-0.00826549
1.301	3.35	-0.00779255
1.301	3.4	-0.00735236
1.301	3.45	-0.00694854
1.301	3.5	-0.00665023
1.301	3.55	-0.00628643
1.301	3.6	-0.0059481
1.301	3.65	-0.00563523
1.301	3.7	-0.00534419
1.301	3.75	-0.0050677
1.301	3.8	-0.00481305
1.301	3.85	-0.00458022
1.301	3.9	-0.0043583
1.301	3.95	-0.00415093
1.301	4	-0.00395812
1.301	4.05	-0.00380896
1.301	4.1	-0.00363434
1.301	4.15	-0.00347063
1.301	4.2	-0.00331784
1.301	4.25	-0.00317596
1.301	4.3	-0.00304135
1.301	4.35	-0.00291038
1.301	4.4	-0.00279397
1.301	4.45	-0.00268119
1.301	4.5	-0.00257569
1.301	4.55	-0.00247746
1.301	4.6	-0.00238288
1.301	4.65	-0.00229193
1.301	4.7	-0.00221917
1.301	4.75	-0.00213549
1.301	4.8	-0.0020591
1.301	4.85	-0.00198634
1.301	4.9	-0.00191721
1.301	4.95	-0.00185173
1.301	5	-0.00178989
1.351	0.05	-1.11165
1.351	0.1	-1.35636
1.351	0.15	-1.38774
1.351	0.2	-1.33722
1.351	0.25	-1.26154
1.351	0.3	-1.17718
1.351	0.35	-1.07774
1.351	0.4	-0.99391
1.351	0.45	-0.90387
1.351	0.5	-0.820917
1.351	0.55	-0.745258
1.351	0.6	-0.680313
1.351	0.65	-0.616034
1.351	0.7	-0.557757
1.351	0.75	-0.504984
1.351	0.8	-0.45725
1.351	0.85	-0.414107
1.351	0.9	-0.375127
1.351	0.95	-0.339918
1.351	1	-0.308133
1.351	1.05	-0.27944
1.351	1.1	-0.253534
1.351	1.15	-0.230146
1.351	1.2	-0.209035
1.351	1.25	-0.189968
1.351	1.3	-0.172742
1.351	1.35	-0.157186
1.351	1.4	-0.143129
1.351	1.45	-0.130422
1.351	1.5	-0.118929
1.351	1.55	-0.108535
1.351	1.6	-0.099124
1.351	1.65	-0.0906111
1.351	1.7	-0.0836044
1.351	1.75	-0.0766304
1.351	1.8	-0.0702275
1.351	1.85	-0.0644141
1.351	1.9	-0.0591317
1.351	1.95	-0.0543296
1.351	2	-0.0499567
1.351	2.05	-0.0459841
1.351	2.1	-0.0423643
1.351	2.15	-0.0390683
1.351	2.2	-0.0360669
1.351	2.25	-0.0333239
1.351	2.3	-0.0312393
1.351	2.35	-0.0289256
1.351	2.4	-0.0267901
1.351	2.45	-0.0248365
1.351	2.5	-0.0230466
1.351	2.55	-0.0214095
1.351	2.6	-0.019907
1.351	2.65	-0.0185282
1.351	2.7	-0.0172658
1.351	2.75	-0.0161017
1.351	2.8	-0.0150358
1.351	2.85	-0.0142572
1.351	2.9	-0.0133259
1.351	2.95	-0.012471
1.351	3	-0.0116779
1.351	3.05	-0.0109467
1.351	3.1	-0.0102737
1.351	3.15	-0.00965156
1.351	3.2	-0.00907676
1.351	3.25	-0.00854561
1.351	3.3	-0.00805085
1.351	3.35	-0.0075961
1.351	3.4	-0.00725777
1.351	3.45	-0.00685395
1.351	3.5	-0.0064756
1.351	3.55	-0.00612636
1.351	3.6	-0.00580258
1.351	3.65	-0.00549699
1.351	3.7	-0.00521686
1.351	3.75	-0.00495493
1.351	3.8	-0.00471118
1.351	3.85	-0.00448199
1.351	3.9	-0.00427099
1.351	3.95	-0.00410364
1.351	4	-0.00391083
1.351	4.05	-0.00373257
1.351	4.1	-0.00356522
1.351	4.15	-0.00340515
1.351	4.2	-0.00325599
1.351	4.25	-0.00311775
1.351	4.3	-0.00298678
1.351	4.35	-0.00286673
1.351	4.4	-0.00275031
1.351	4.45	-0.00264117
1.351	4.5	-0.00253931
1.351	4.55	-0.002452
1.351	4.6	-0.00236105
1.351	4.65	-0.00227374
1.351	4.7	-0.00219006
1.351	4.75	-0.00211003
1.351	4.8	-0.00203727
1.351	4.85	-0.00196451
1.351	4.9	-0.00189902
1.351	4.95	-0.00183718
1.351	5	-0.00177533
1.401	0.05	-1.12056
1.401	0.1	-1.37058
1.401	0.15	-1.40232
1.401	0.2	-1.34986
1.401	0.25	-1.27257
1.401	0.3	-1.18607
1.401	0.35	-1.08451
1.401	0.4	-0.999054
1.401	0.45	-0.90737
1.401	0.5	-0.823071
1.401	0.55	-0.745982
1.401	0.6	-0.676177
1.401	0.65	-0.61539
1.401	0.7	-0.556487
1.401	0.75	-0.503223
1.401	0.8	-0.455115
1.401	0.85	-0.411692
1.401	0.9	-0.372511
1.401	0.95	-0.337179
1.401	1	-0.30531
1.401	1.05	-0.276588
1.401	1.1	-0.250693
1.401	1.15	-0.227345
1.401	1.2	-0.206288
1.401	1.25	-0.187298
1.401	1.3	-0.17017
1.401	1.35	-0.154716
1.401	1.4	-0.140772
1.401	1.45	-0.128177
1.401	1.5	-0.116805
1.401	1.55	-0.106524
1.401	1.6	-0.0980144
1.401	1.65	-0.0895707
1.401	1.7	-0.0819055
1.401	1.75	-0.0749533
1.401	1.8	-0.0686559
1.401	1.85	-0.0629334
1.401	1.9	-0.0577493
1.401	1.95	-0.0530381
1.401	2	-0.0487598
1.401	2.05	-0.0448672
1.401	2.1	-0.0413311
1.401	2.15	-0.0381078
1.401	2.2	-0.035634
1.401	2.25	-0.0329164
1.401	2.3	-0.0304244
1.401	2.35	-0.0281507
1.401	2.4	-0.0260734
1.401	2.45	-0.0241744
1.401	2.5	-0.0224281
1.401	2.55	-0.0208383
1.401	2.6	-0.0193795
1.401	2.65	-0.0180407
1.401	2.7	-0.0168147
1.401	2.75	-0.0159089
1.401	2.8	-0.014843
1.401	2.85	-0.0138643
1.401	2.9	-0.0129621
1.401	2.95	-0.0121327
1.401	3	-0.0113687
1.401	3.05	-0.0106629
1.401	3.1	-0.0100081
1.401	3.15	-0.00940781
1.401	3.2	-0.0088512
1.401	3.25	-0.00844375
1.401	3.3	-0.00795262
1.401	3.35	-0.00749787
1.401	3.4	-0.00707587
1.401	3.45	-0.00668661
1.401	3.5	-0.00632281
1.401	3.55	-0.00598448
1.401	3.6	-0.00567161
1.401	3.65	-0.00538057
1.401	3.7	-0.00510772
1.401	3.75	-0.00485306
1.401	3.8	-0.00465661
1.401	3.85	-0.0044347
1.401	3.9	-0.00422006
1.401	3.95	-0.00401997
1.401	4	-0.00383807
1.401	4.05	-0.00366344
1.401	4.1	-0.00349974
1.401	4.15	-0.00335058
1.401	4.2	-0.0032087
1.401	4.25	-0.00307045
1.401	4.3	-0.00294676
1.401	4.35	-0.00282671
1.401	4.4	-0.00271393
1.401	4.45	-0.00262298
1.401	4.5	-0.00252112
1.401	4.55	-0.00242289
1.401	4.6	-0.00233194
1.401	4.65	-0.00224827
1.401	4.7	-0.0021646
1.401	4.75	-0.0020882
1.401	4.8	-0.00201908
1.401	4.85	-0.00194996
1.401	4.9	-0.00188447
1.401	4.95	-0.00181899
1.401	5	-0.00176078
1.451	0.05	-1.12927
1.451	0.1	-1.38455
1.451	0.15	-1.41663
1.451	0.2	-1.3626
1.451	0.25	-1.28313
1.451	0.3	-1.19466
1.451	0.35	-1.09104
1.451	0.4	-0.993798
1.451	0.45	-0.910677
1.451	0.5	-0.825024
1.451	0.55	-0.746819
1.451	0.6	-0.675656
1.451	0.65	-0.611431
1.451	0.7	-0.555206
1.451	0.75	-0.501481
1.451	0.8	-0.453016
1.451	0.85	-0.409338
1.451	0.9	-0.369975
1.451	0.95	-0.334519
1.451	1	-0.302593
1.451	1.05	-0.273852
1.451	1.1	-0.247965
1.451	1.15	-0.224663
1.451	1.2	-0.203672
1.451	1.25	-0.184766
1.451	1.3	-0.167729
1.451	1.35	-0.152377
1.451	1.4	-0.138538
1.451	1.45	-0.126864
1.451	1.5	-0.115586
1.451	1.55	-0.10537
1.451	1.6	-0.0961372
1.451	1.65	-0.0877844
1.451	1.7	-0.0802247
1.451	1.75	-0.0733817
1.451	1.8	-0.0671826
1.451	1.85	-0.0615619
1.451	1.9	-0.0564651
1.451	1.95	-0.0518448
1.451	2	-0.0476502
1.451	2.05	-0.043834
1.451	2.1	-0.0408763
1.451	2.15	-0.0376785
1.451	2.2	-0.0347536
1.451	2.25	-0.032087
1.451	2.3	-0.0296568
1.451	2.35	-0.0274376
1.451	2.4	-0.0254113
1.451	2.45	-0.0235596
1.451	2.5	-0.0218643
1.451	2.55	-0.0203145
1.451	2.6	-0.0188957
1.451	2.65	-0.0178406
1.451	2.7	-0.0166146
1.451	2.75	-0.0154905
1.451	2.8	-0.014461
1.451	2.85	-0.0135115
1.451	2.9	-0.0126347
1.451	2.95	-0.0118307
1.451	3	-0.0110886
1.451	3.05	-0.0104046
1.451	3.1	-0.00977525
1.451	3.15	-0.00930595
1.451	3.2	-0.00875298
1.451	3.25	-0.00823638
1.451	3.3	-0.00776345
1.451	3.35	-0.00732325
1.451	3.4	-0.0069158
1.451	3.45	-0.00653745
1.451	3.5	-0.0061882
1.451	3.55	-0.00586078
1.451	3.6	-0.00555519
1.451	3.65	-0.00527507
1.451	3.7	-0.00505315
1.451	3.75	-0.00480577
1.451	3.8	-0.0045693
1.451	3.85	-0.00434738
1.451	3.9	-0.00414366
1.451	3.95	-0.00395448
1.451	4	-0.00377258
1.451	4.05	-0.00360524
1.451	4.1	-0.0034488
1.451	4.15	-0.00329965
1.451	4.2	-0.0031614
1.451	4.25	-0.00303407
1.451	4.3	-0.0029213
1.451	4.35	-0.00280852
1.451	4.4	-0.00269574
1.451	4.45	-0.00259024
1.451	4.5	-0.00249202
1.451	4.55	-0.00239743
1.451	4.6	-0.00231012
1.451	4.65	-0.00223008
1.451	4.7	-0.00215005
1.451	4.75	-0.00207365
1.451	4.8	-0.00200089
1.451	4.85	-0.0019354
1.451	4.9	-0.00187356
1.451	4.95	-0.00181171
1.451	5	-0.00175351
1.501	0.05	-1.13759
1.501	0.1	-1.39785
1.501	0.15	-1.43017
1.501	0.2	-1.37474
1.501	0.25	-1.29343
1.501	0.3	-1.19137
1.501	0.35	-1.09737
1.501	0.4	-0.997898
1.501	0.45	-0.913809
1.501	0.5	-0.826843
1.501	0.55	-0.747565
1.501	0.6	-0.675514
1.501	0.65	-0.610238
1.501	0.7	-0.551227
1.501	0.75	-0.49976
1.501	0.8	-0.450964
1.501	0.85	-0.407032
1.501	0.9	-0.367509
1.501	0.95	-0.331951
1.501	1	-0.299973
1.501	1.05	-0.271215
1.501	1.1	-0.245349
1.501	1.15	-0.222091
1.501	1.2	-0.201173
1.501	1.25	-0.182346
1.501	1.3	-0.166125
1.501	1.35	-0.15094
1.501	1.4	-0.137188
1.501	1.45	-0.124779
1.501	1.5	-0.113585
1.501	1.55	-0.103475
1.501	1.6	-0.0943473
1.501	1.65	-0.0861
1.501	1.7	-0.0786458
1.501	1.75	-0.071901
1.501	1.8	-0.0658038
1.501	1.85	-0.060274
1.501	1.9	-0.0552718
1.501	1.95	-0.0507316
1.501	2	-0.0471737
1.501	2.05	-0.0433865
1.501	2.1	-0.0399341
1.501	2.15	-0.0367872
1.501	2.2	-0.0339278
1.501	2.25	-0.031323
1.501	2.3	-0.0289474
1.501	2.35	-0.0267828
1.501	2.4	-0.0248074
1.501	2.45	-0.0229993
1.501	2.5	-0.0213513
1.501	2.55	-0.0201107
1.501	2.6	-0.0186956
1.501	2.65	-0.0173968
1.501	2.7	-0.0162036
1.501	2.75	-0.0151122
1.501	2.8	-0.0141081
1.501	2.85	-0.013184
1.501	2.9	-0.01234
1.501	2.95	-0.0115542
1.501	3	-0.0108339
1.501	3.05	-0.0102991
1.501	3.1	-0.00966975
1.501	3.15	-0.00908767
1.501	3.2	-0.00855289
1.501	3.25	-0.00805449
1.501	3.3	-0.00759246
1.501	3.35	-0.00717046
1.501	3.4	-0.00677028
1.501	3.45	-0.00640648
1.501	3.5	-0.00606815
1.501	3.55	-0.00575164
1.501	3.6	-0.00550426
1.501	3.65	-0.00522414
1.501	3.7	-0.00495857
1.501	3.75	-0.00471846
1.501	3.8	-0.00448927
1.501	3.85	-0.00427826
1.501	3.9	-0.00407817
1.501	3.95	-0.00389264
1.501	4	-0.00371801
1.501	4.05	-0.00355431
1.501	4.1	-0.00340151
1.501	4.15	-0.00325599
1.501	4.2	-0.00313958
1.501	4.25	-0.00300861
1.501	4.3	-0.00288856
1.501	4.35	-0.00277578
1.501	4.4	-0.00266664
1.501	4.45	-0.00256478
1.501	4.5	-0.00246655
1.501	4.55	-0.0023756
1.501	4.6	-0.00229193
1.501	4.65	-0.00220825
1.501	4.7	-0.00213549
1.501	4.75	-0.0020591
1.501	4.8	-0.00198997
1.501	4.85	-0.00192449
1.501	4.9	-0.00186628
1.501	4.95	-0.00180444
1.501	5	-0.00174623
1.551	0.05	-1.14548
1.551	0.1	-1.41068
1.551	0.15	-1.44334
1.551	0.2	-1.38641
1.551	0.25	-1.30329
1.551	0.3	-1.19631
1.551	0.35	-1.10332
1.551	0.4	-1.00214
1.551	0.45	-0.916742
1.551	0.5	-0.828542
1.551	0.55	-0.748205
1.551	0.6	-0.675329
1.551	0.65	-0.609347
1.551	0.7	-0.549779
1.551	0.75	-0.496024
1.551	0.8	-0.447599
1.551	0.85	-0.404038
1.551	0.9	-0.365115
1.551	0.95	-0.329466
1.551	1	-0.297441
1.551	1.05	-0.268679
1.551	1.1	-0.243283
1.551	1.15	-0.22021
1.551	1.2	-0.199423
1.551	1.25	-0.180709
1.551	1.3	-0.16388
1.551	1.35	-0.148717
1.551	1.4	-0.13506
1.551	1.45	-0.122764
1.551	1.5	-0.111671
1.551	1.55	-0.101674
1.551	1.6	-0.0926557
1.551	1.65	-0.0845139
1.551	1.7	-0.0771615
1.551	1.75	-0.0705186
1.551	1.8	-0.0645123
1.551	1.85	-0.0590735
1.551	1.9	-0.0547443
1.551	1.95	-0.0502514
1.551	2	-0.0461478
1.551	2.05	-0.0424225
1.551	2.1	-0.0390392
1.551	2.15	-0.0359578
1.551	2.2	-0.0331602
1.551	2.25	-0.03061
1.551	2.3	-0.0282926
1.551	2.35	-0.0261753
1.551	2.4	-0.0242471
1.551	2.45	-0.0227883
1.551	2.5	-0.0211403
1.551	2.55	-0.0196305
1.551	2.6	-0.0182481
1.551	2.65	-0.0169894
1.551	2.7	-0.0158252
1.551	2.75	-0.0147666
1.551	2.8	-0.0137879
1.551	2.85	-0.012893
1.551	2.9	-0.0120672
1.551	2.95	-0.0114451
1.551	3	-0.010732
1.551	3.05	-0.0100699
1.551	3.1	-0.00945511
1.551	3.15	-0.00889122
1.551	3.2	-0.00837099
1.551	3.25	-0.00788714
1.551	3.3	-0.00743967
1.551	3.35	-0.00702858
1.551	3.4	-0.00664295
1.551	3.45	-0.00629007
1.551	3.5	-0.00600994
1.551	3.55	-0.00569707
1.551	3.6	-0.0054024
1.551	3.65	-0.00512955
1.551	3.7	-0.00487853
1.551	3.75	-0.00464206
1.551	3.8	-0.00441651
1.551	3.85	-0.00421278
1.551	3.9	-0.00401997
1.551	3.95	-0.00383807
1.551	4	-0.00367072
1.551	4.05	-0.00351065
1.551	4.1	-0.00337604
1.551	4.15	-0.00323416
1.551	4.2	-0.00309956
1.551	4.25	-0.00297587
1.551	4.3	-0.00285945
1.551	4.35	-0.00274304
1.551	4.4	-0.00264117
1.551	4.45	-0.00253931
1.551	4.5	-0.00244836
1.551	4.55	-0.00235741
1.551	4.6	-0.00227374
1.551	4.65	-0.0021937
1.551	4.7	-0.00212094
1.551	4.75	-0.00205182
1.551	4.8	-0.0019827
1.551	4.85	-0.00191721
1.551	4.9	-0.00185537
1.551	4.95	-0.00179716
1.551	5	-0.00173895
1.601	0.05	-1.15297
1.601	0.1	-1.42324
1.601	0.15	-1.4562
1.601	0.2	-1.39782
1.601	0.25	-1.31283
1.601	0.3	-1.20356
1.601	0.35	-1.10906
1.601	0.4	-1.00618
1.601	0.45	-0.91107
1.601	0.5	-0.83011
1.601	0.55	-0.748783
1.601	0.6	-0.675071
1.601	0.65	-0.608452
1.601	0.7	-0.548356
1.601	0.75	-0.494205
1.601	0.8	-0.445478
1.601	0.85	-0.401651
1.601	0.9	-0.362252
1.601	0.95	-0.326851
1.601	1	-0.295044
1.601	1.05	-0.266467
1.601	1.1	-0.240805
1.601	1.15	-0.217733
1.601	1.2	-0.197018
1.601	1.25	-0.178392
1.601	1.3	-0.16165
1.601	1.35	-0.146596
1.601	1.4	-0.133037
1.601	1.45	-0.120843
1.601	1.5	-0.109863
1.601	1.55	-0.0999753
1.601	1.6	-0.0910586
1.601	1.65	-0.0830187
1.601	1.7	-0.0757682
1.601	1.75	-0.0692198
1.601	1.8	-0.0638247
1.601	1.85	-0.0585605
1.601	1.9	-0.0536529
1.601	1.95	-0.0492109
1.601	2	-0.0451801
1.601	2.05	-0.0415275
1.601	2.1	-0.0382061
1.601	2.15	-0.0351902
1.601	2.2	-0.0324471
1.601	2.25	-0.0299551
1.601	2.3	-0.0276887
1.601	2.35	-0.0259533
1.601	2.4	-0.0240325
1.601	2.45	-0.0222717
1.601	2.5	-0.0206637
1.601	2.55	-0.0191903
1.601	2.6	-0.0178443
1.601	2.65	-0.016611
1.601	2.7	-0.0154832
1.601	2.75	-0.0144501
1.601	2.8	-0.0134969
1.601	2.85	-0.0127766
1.601	2.9	-0.0119617
1.601	2.95	-0.0112013
1.601	3	-0.0104992
1.601	3.05	-0.00985528
1.601	3.1	-0.00926229
1.601	3.15	-0.00871296
1.601	3.2	-0.00820364
1.601	3.25	-0.00773798
1.601	3.3	-0.00730142
1.601	3.35	-0.00690488
1.601	3.4	-0.00658838
1.601	3.45	-0.0062355
1.601	3.5	-0.00590444
1.601	3.55	-0.00559521
1.601	3.6	-0.00531509
1.601	3.65	-0.00504588
1.601	3.7	-0.00480213
1.601	3.75	-0.00457294
1.601	3.8	-0.0043583
1.601	3.85	-0.00415457
1.601	3.9	-0.0039654
1.601	3.95	-0.00379441
1.601	4	-0.00364525
1.601	4.05	-0.00348882
1.601	4.1	-0.00333966
1.601	4.15	-0.00320142
1.601	4.2	-0.00307045
1.601	4.25	-0.0029504
1.601	4.3	-0.00283399
1.601	4.35	-0.00272121
1.601	4.4	-0.00261934
1.601	4.45	-0.00252112
1.601	4.5	-0.00243017
1.601	4.55	-0.00234286
1.601	4.6	-0.00226282
1.601	4.65	-0.00219006
1.601	4.7	-0.00211003
1.601	4.75	-0.00204091
1.601	4.8	-0.00197178
1.601	4.85	-0.00190994
1.601	4.9	-0.00184809
1.601	4.95	-0.00178625
1.601	5	-0.00173168
1.651	0.05	-1.15623
1.651	0.1	-1.43534
1.651	0.15	-1.46854
1.651	0.2	-1.40884
1.651	0.25	-1.32201
1.651	0.3	-1.21086
1.651	0.35	-1.11458
1.651	0.4	-1.01009
1.651	0.45	-0.913493
1.651	0.5	-0.831562
1.651	0.55	-0.749278
1.651	0.6	-0.67478
1.651	0.65	-0.607528
1.651	0.7	-0.546941
1.651	0.75	-0.492426
1.651	0.8	-0.443415
1.651	0.85	-0.399396
1.651	0.9	-0.359869
1.651	0.95	-0.324391
1.651	1	-0.292559
1.651	1.05	-0.263986
1.651	1.1	-0.238353
1.651	1.15	-0.21535
1.651	1.2	-0.194705
1.651	1.25	-0.176165
1.651	1.3	-0.159514
1.651	1.35	-0.144559
1.651	1.4	-0.131109
1.651	1.45	-0.119024
1.651	1.5	-0.10815
1.651	1.55	-0.09836
1.651	1.6	-0.0895525
1.651	1.65	-0.0816144
1.651	1.7	-0.0744512
1.651	1.75	-0.0686632
1.651	1.8	-0.062766
1.651	1.85	-0.0574291
1.651	1.9	-0.0526052
1.651	1.95	-0.0482323
1.651	2	-0.0442742
1.651	2.05	-0.0406872
1.651	2.1	-0.0374275
1.651	2.15	-0.0344771
1.651	2.2	-0.0317887
1.651	2.25	-0.0293476
1.651	2.3	-0.0274631
1.651	2.35	-0.0253931
1.651	2.4	-0.0235123
1.651	2.45	-0.0217915
1.651	2.5	-0.0202162
1.651	2.55	-0.0187829
1.651	2.6	-0.0174696
1.651	2.65	-0.016269
1.651	2.7	-0.0151667
1.651	2.75	-0.014159
1.651	2.8	-0.0133878
1.651	2.85	-0.0125146
1.651	2.9	-0.0117107
1.651	2.95	-0.0109721
1.651	3	-0.0102882
1.651	3.05	-0.00966247
1.651	3.1	-0.00908767
1.651	3.15	-0.00855289
1.651	3.2	-0.00806176
1.651	3.25	-0.00760338
1.651	3.3	-0.00724685
1.651	3.35	-0.00684668
1.651	3.4	-0.0064756
1.651	3.45	-0.00612999
1.651	3.5	-0.00580985
1.651	3.55	-0.00551154
1.651	3.6	-0.00523141
1.651	3.65	-0.00497676
1.651	3.7	-0.00473665
1.651	3.75	-0.00451109
1.651	3.8	-0.00430373
1.651	3.85	-0.00412547
1.651	3.9	-0.00393993
1.651	3.95	-0.00376895
1.651	4	-0.00360524
1.651	4.05	-0.0034488
1.651	4.1	-0.00330692
1.651	4.15	-0.00316868
1.651	4.2	-0.00304135
1.651	4.25	-0.00292493
1.651	4.3	-0.00280852
1.651	4.35	-0.00270302
1.651	4.4	-0.00260479
1.651	4.45	-0.00250657
1.651	4.5	-0.00241926
1.651	4.55	-0.00233558
1.651	4.6	-0.00225555
1.651	4.65	-0.00217551
1.651	4.7	-0.00209911
1.651	4.75	-0.00202999
1.651	4.8	-0.00196815
1.651	4.85	-0.00190266
1.651	4.9	-0.00184082
1.651	4.95	-0.00178261
1.651	5	-0.00172804
1.701	0.05	-1.16153
1.701	0.1	-1.44701
1.701	0.15	-1.46324
1.701	0.2	-1.41962
1.701	0.25	-1.31581
1.701	0.3	-1.21771
1.701	0.35	-1.11986
1.701	0.4	-1.01383
1.701	0.45	-0.915832
1.701	0.5	-0.82648
1.701	0.55	-0.749689
1.701	0.6	-0.674452
1.701	0.65	-0.6066
1.701	0.7	-0.545537
1.701	0.75	-0.490665
1.701	0.8	-0.4414
1.701	0.85	-0.397195
1.701	0.9	-0.357551
1.701	0.95	-0.322012
1.701	1	-0.290151
1.701	1.05	-0.261593
1.701	1.1	-0.236003
1.701	1.15	-0.213058
1.701	1.2	-0.192485
1.701	1.25	-0.17403
1.701	1.3	-0.157481
1.701	1.35	-0.14262
1.701	1.4	-0.129279
1.701	1.45	-0.117296
1.701	1.5	-0.106527
1.701	1.55	-0.0968394
1.701	1.6	-0.08813
1.701	1.65	-0.0810142
1.701	1.7	-0.0738764
1.701	1.75	-0.0674299
1.701	1.8	-0.0616164
1.701	1.85	-0.0563596
1.701	1.9	-0.0516156
1.701	1.95	-0.0473156
1.701	2	-0.0434266
1.701	2.05	-0.0398977
1.701	2.1	-0.0367072
1.701	2.15	-0.0338077
1.701	2.2	-0.0315595
1.701	2.25	-0.0291184
1.701	2.3	-0.0268956
1.701	2.35	-0.0248729
1.701	2.4	-0.0230284
1.701	2.45	-0.021344
1.701	2.5	-0.0198124
1.701	2.55	-0.0184082
1.701	2.6	-0.0171276
1.701	2.65	-0.0159525
1.701	2.7	-0.0150576
1.701	2.75	-0.0140462
1.701	2.8	-0.0131186
1.701	2.85	-0.0122673
1.701	2.9	-0.0114851
1.701	2.95	-0.0107648
1.701	3	-0.0101027
1.701	3.05	-0.00949149
1.701	3.1	-0.0089276
1.701	3.15	-0.00840737
1.701	3.2	-0.00799992
1.701	3.25	-0.00754881
1.701	3.3	-0.00712316
1.701	3.35	-0.0067339
1.701	3.4	-0.0063701
1.701	3.45	-0.00603541
1.701	3.5	-0.00572618
1.701	3.55	-0.0054315
1.701	3.6	-0.00516229
1.701	3.65	-0.00491491
1.701	3.7	-0.0046748
1.701	3.75	-0.00446016
1.701	3.8	-0.00427463
1.701	3.85	-0.00407817
1.701	3.9	-0.00389628
1.701	3.95	-0.00372529
1.701	4	-0.00356886
1.701	4.05	-0.0034197
1.701	4.1	-0.00327782
1.701	4.15	-0.00314321
1.701	4.2	-0.00301588
1.701	4.25	-0.00290311
1.701	4.3	-0.00279033
1.701	4.35	-0.00268483
1.701	4.4	-0.0025866
1.701	4.45	-0.00249929
1.701	4.5	-0.00240834
1.701	4.55	-0.00232103
1.701	4.6	-0.00224099
1.701	4.65	-0.0021646
1.701	4.7	-0.00209184
1.701	4.75	-0.00202635
1.701	4.8	-0.00196087
1.701	4.85	-0.00189539
1.701	4.9	-0.00183718
1.701	4.95	-0.00177897
1.701	5	-0.0017244
1.751	0.05	-1.16756
1.751	0.1	-1.45847
1.751	0.15	-1.4737
1.751	0.2	-1.4299
1.751	0.25	-1.32314
1.751	0.3	-1.22441
1.751	0.35	-1.11347
1.751	0.4	-1.01736
1.751	0.45	-0.918069
1.751	0.5	-0.827393
1.751	0.55	-0.750035
1.751	0.6	-0.674074
1.751	0.65	-0.605654
1.751	0.7	-0.544151
1.751	0.75	-0.488937
1.751	0.8	-0.439417
1.751	0.85	-0.395041
1.751	0.9	-0.355296
1.751	0.95	-0.319695
1.751	1	-0.287822
1.751	1.05	-0.259282
1.751	1.1	-0.233733
1.751	1.15	-0.210854
1.751	1.2	-0.190357
1.751	1.25	-0.171996
1.751	1.3	-0.155527
1.751	1.35	-0.140768
1.751	1.4	-0.127537
1.751	1.45	-0.115655
1.751	1.5	-0.104981
1.751	1.55	-0.0961772
1.751	1.6	-0.0874934
1.751	1.65	-0.0796717
1.751	1.7	-0.0726213
1.751	1.75	-0.0662621
1.751	1.8	-0.0605323
1.751	1.85	-0.0553591
1.751	1.9	-0.0506807
1.751	1.95	-0.0464534
1.751	2	-0.0426298
1.751	2.05	-0.0391701
1.751	2.1	-0.0364525
1.751	2.15	-0.0335713
1.751	2.2	-0.0309374
1.751	2.25	-0.0285436
1.751	2.3	-0.0263681
1.751	2.35	-0.0243854
1.751	2.4	-0.0225809
1.751	2.45	-0.0209366
1.751	2.5	-0.0194304
1.751	2.55	-0.0180589
1.751	2.6	-0.0170076
1.751	2.65	-0.0158398
1.751	2.7	-0.0147629
1.751	2.75	-0.013777
1.751	2.8	-0.0128712
1.751	2.85	-0.0120417
1.751	2.9	-0.0112741
1.751	2.95	-0.0105756
1.751	3	-0.00992804
1.751	3.05	-0.00933142
1.751	3.1	-0.00878208
1.751	3.15	-0.00834916
1.751	3.2	-0.00786895
1.751	3.25	-0.00742148
1.751	3.3	-0.00701402
1.751	3.35	-0.00663204
1.751	3.4	-0.00627915
1.751	3.45	-0.0059481
1.751	3.5	-0.00564614
1.751	3.55	-0.00536238
1.751	3.6	-0.00510045
1.751	3.65	-0.0048567
1.751	3.7	-0.00464934
1.751	3.75	-0.00443106
1.751	3.8	-0.00423097
1.751	3.85	-0.00403816
1.751	3.9	-0.0038599
1.751	3.95	-0.00368891
1.751	4	-0.00353612
1.751	4.05	-0.00338696
1.751	4.1	-0.00325235
1.751	4.15	-0.00312139
1.751	4.2	-0.00299769
1.751	4.25	-0.00288492
1.751	4.3	-0.00278305
1.751	4.35	-0.00267755
1.751	4.4	-0.00257569
1.751	4.45	-0.00248474
1.751	4.5	-0.00239379
1.751	4.55	-0.00231012
1.751	4.6	-0.00223372
1.751	4.65	-0.00215732
1.751	4.7	-0.0020882
1.751	4.75	-0.00201908
1.751	4.8	-0.00195359
1.751	4.85	-0.00189175
1.751	4.9	-0.00183354
1.751	4.95	-0.00177533
1.751	5	-0.0017244
1.801	0.05	-1.174
1.801	0.1	-1.45652
1.801	0.15	-1.48441
1.801	0.2	-1.42339
1.801	0.25	-1.33123
1.801	0.3	-1.23091
1.801	0.35	-1.11791
1.801	0.4	-1.02075
1.801	0.45	-0.920209
1.801	0.5	-0.828441
1.801	0.55	-0.745211
1.801	0.6	-0.673663
1.801	0.65	-0.604698
1.801	0.7	-0.542765
1.801	0.75	-0.487231
1.801	0.8	-0.437485
1.801	0.85	-0.392945
1.801	0.9	-0.353102
1.801	0.95	-0.317454
1.801	1	-0.285567
1.801	1.05	-0.257056
1.801	1.1	-0.231546
1.801	1.15	-0.208733
1.801	1.2	-0.188316
1.801	1.25	-0.170032
1.801	1.3	-0.153668
1.801	1.35	-0.139007
1.801	1.4	-0.12587
1.801	1.45	-0.11488
1.801	1.5	-0.104279
1.801	1.55	-0.0947293
1.801	1.6	-0.0861328
1.801	1.65	-0.0783984
1.801	1.7	-0.0714354
1.801	1.75	-0.0651635
1.801	1.8	-0.0595137
1.801	1.85	-0.0544096
1.801	1.9	-0.0498039
1.801	1.95	-0.0456457
1.801	2	-0.0418841
1.801	2.05	-0.0389264
1.801	2.1	-0.0357904
1.801	2.15	-0.0329383
1.801	2.2	-0.0303517
1.801	2.25	-0.0280088
1.801	2.3	-0.0258769
1.801	2.35	-0.0239306
1.801	2.4	-0.0221626
1.801	2.45	-0.0205546
1.801	2.5	-0.0190812
1.801	2.55	-0.0179498
1.801	2.6	-0.0166947
1.801	2.65	-0.0155414
1.801	2.7	-0.0144901
1.801	2.75	-0.013526
1.801	2.8	-0.012642
1.801	2.85	-0.0118307
1.801	2.9	-0.0110849
1.801	2.95	-0.010401
1.801	3	-0.00977161
1.801	3.05	-0.00927321
1.801	3.1	-0.00872387
1.801	3.15	-0.00821456
1.801	3.2	-0.00774889
1.801	3.25	-0.00731234
1.801	3.3	-0.00690852
1.801	3.35	-0.00654109
1.801	3.4	-0.00619548
1.801	3.45	-0.00587534
1.801	3.5	-0.00557702
1.801	3.55	-0.00530054
1.801	3.6	-0.00507134
1.801	3.65	-0.0048276
1.801	3.7	-0.00459841
1.801	3.75	-0.00438376
1.801	3.8	-0.00418368
1.801	3.85	-0.00399814
1.801	3.9	-0.00382715
1.801	3.95	-0.00365981
1.801	4	-0.00350701
1.801	4.05	-0.00336513
1.801	4.1	-0.00323053
1.801	4.15	-0.0031032
1.801	4.2	-0.0029795
1.801	4.25	-0.002874
1.801	4.3	-0.00276486
1.801	4.35	-0.002663
1.801	4.4	-0.00256478
1.801	4.45	-0.00247383
1.801	4.5	-0.00238651
1.801	4.55	-0.00230648
1.801	4.6	-0.00222644
1.801	4.65	-0.00215005
1.801	4.7	-0.00207729
1.801	4.75	-0.0020118
1.801	4.8	-0.00194996
1.801	4.85	-0.00188811
1.801	4.9	-0.0018299
1.801	4.95	-0.0017717
1.801	5	-0.00172076
1.851	0.05	-1.17997
1.851	0.1	-1.46446
1.851	0.15	-1.4954
1.851	0.2	-1.43208
1.851	0.25	-1.33901
1.851	0.3	-1.23721
1.851	0.35	-1.12236
1.851	0.4	-1.02401
1.851	0.45	-0.922224
1.851	0.5	-0.829405
1.851	0.55	-0.745305
1.851	0.6	-0.669497
1.851	0.65	-0.603726
1.851	0.7	-0.541389
1.851	0.75	-0.48555
1.851	0.8	-0.435582
1.851	0.85	-0.390901
1.851	0.9	-0.350967
1.851	0.95	-0.315275
1.851	1	-0.283391
1.851	1.05	-0.254899
1.851	1.1	-0.22944
1.851	1.15	-0.206684
1.851	1.2	-0.186345
1.851	1.25	-0.168158
1.851	1.3	-0.151886
1.851	1.35	-0.138138
1.851	1.4	-0.125074
1.851	1.45	-0.11333
1.851	1.5	-0.102798
1.851	1.55	-0.093336
1.851	1.6	-0.084834
1.851	1.65	-0.077187
1.851	1.7	-0.0703112
1.851	1.75	-0.064123
1.851	1.8	-0.058546
1.851	1.85	-0.0535183
1.851	1.9	-0.0489817
1.851	1.95	-0.0453765
1.851	2	-0.0416367
1.851	2.05	-0.0382315
1.851	2.1	-0.0351465
1.851	2.15	-0.0323489
1.851	2.2	-0.0298096
1.851	2.25	-0.0275068
1.851	2.3	-0.0254113
1.851	2.35	-0.0235123
1.851	2.4	-0.0217769
1.851	2.45	-0.02042
1.851	2.5	-0.0189684
1.851	2.55	-0.017626
1.851	2.6	-0.0163927
1.851	2.65	-0.0152722
1.851	2.7	-0.014239
1.851	2.75	-0.0132968
1.851	2.8	-0.0124346
1.851	2.85	-0.0116379
1.851	2.9	-0.0109103
1.851	2.95	-0.0103319
1.851	3	-0.00970977
1.851	3.05	-0.00912405
1.851	3.1	-0.00858927
1.851	3.15	-0.00809086
1.851	3.2	-0.00763612
1.851	3.25	-0.00721411
1.851	3.3	-0.00681757
1.851	3.35	-0.00645741
1.851	3.4	-0.00611908
1.851	3.45	-0.00580621
1.851	3.5	-0.00554792
1.851	3.55	-0.00527143
1.851	3.6	-0.00501677
1.851	3.65	-0.00477303
1.851	3.7	-0.00455475
1.851	3.75	-0.00434375
1.851	3.8	-0.00415093
1.851	3.85	-0.0039654
1.851	3.9	-0.00379441
1.851	3.95	-0.00363434
1.851	4	-0.00348518
1.851	4.05	-0.0033433
1.851	4.1	-0.0032087
1.851	4.15	-0.00308864
1.851	4.2	-0.00296859
1.851	4.25	-0.00285581
1.851	4.3	-0.00275031
1.851	4.35	-0.00264845
1.851	4.4	-0.00255386
1.851	4.45	-0.00246655
1.851	4.5	-0.00237924
1.851	4.55	-0.00229556
1.851	4.6	-0.00221917
1.851	4.65	-0.00214641
1.851	4.7	-0.00207729
1.851	4.75	-0.00200816
1.851	4.8	-0.00194632
1.851	4.85	-0.00188447
1.851	4.9	-0.0018299
1.851	4.95	-0.0017717
1.851	5	-0.00172076
1.901	0.05	-1.18597
1.901	0.1	-1.47485
1.901	0.15	-1.50563
1.901	0.2	-1.44096
1.901	0.25	-1.34674
1.901	0.3	-1.24326
1.901	0.35	-1.12683
1.901	0.4	-1.0271
1.901	0.45	-0.924112
1.901	0.5	-0.830329
1.901	0.55	-0.745367
1.901	0.6	-0.66881
1.901	0.65	-0.600015
1.901	0.7	-0.540025
1.901	0.75	-0.483902
1.901	0.8	-0.433723
1.901	0.85	-0.388911
1.901	0.9	-0.348882
1.901	0.95	-0.313168
1.901	1	-0.281278
1.901	1.05	-0.252818
1.901	1.1	-0.227403
1.901	1.15	-0.20472
1.901	1.2	-0.184464
1.901	1.25	-0.167147
1.901	1.3	-0.150969
1.901	1.35	-0.136464
1.901	1.4	-0.123469
1.901	1.45	-0.111824
1.901	1.5	-0.101376
1.901	1.55	-0.0920045
1.901	1.6	-0.0835935
1.901	1.65	-0.0760374
1.901	1.7	-0.0692453
1.901	1.75	-0.0631335
1.901	1.8	-0.0576329
1.901	1.85	-0.0526743
1.901	1.9	-0.0487235
1.901	1.95	-0.0446344
1.901	2	-0.0409236
1.901	2.05	-0.037573
1.901	2.1	-0.034539
1.901	2.15	-0.0317923
1.901	2.2	-0.0293003
1.901	2.25	-0.0270375
1.901	2.3	-0.0249856
1.901	2.35	-0.0231194
1.901	2.4	-0.0216642
1.901	2.45	-0.0200816
1.901	2.5	-0.018641
1.901	2.55	-0.0173204
1.901	2.6	-0.0161162
1.901	2.65	-0.0150176
1.901	2.7	-0.0140099
1.901	2.75	-0.0130858
1.901	2.8	-0.0122382
1.901	2.85	-0.0114669
1.901	2.9	-0.0108521
1.901	2.95	-0.0101791
1.901	3	-0.00956061
1.901	3.05	-0.00898945
1.901	3.1	-0.00846558
1.901	3.15	-0.00798173
1.901	3.2	-0.00753425
1.901	3.25	-0.00712316
1.901	3.3	-0.00673754
1.901	3.35	-0.00638101
1.901	3.4	-0.0060536
1.901	3.45	-0.00577711
1.901	3.5	-0.00548607
1.901	3.55	-0.00521322
1.901	3.6	-0.0049622
1.901	3.65	-0.00472937
1.901	3.7	-0.00451109
1.901	3.75	-0.00430737
1.901	3.8	-0.00411455
1.901	3.85	-0.00393629
1.901	3.9	-0.00376895
1.901	3.95	-0.00361251
1.901	4	-0.00346336
1.901	4.05	-0.00333239
1.901	4.1	-0.00319778
1.901	4.15	-0.00307045
1.901	4.2	-0.00295404
1.901	4.25	-0.0028449
1.901	4.3	-0.0027394
1.901	4.35	-0.00263753
1.901	4.4	-0.00254659
1.901	4.45	-0.00245564
1.901	4.5	-0.00237196
1.901	4.55	-0.00229193
1.901	4.6	-0.00221553
1.901	4.65	-0.00213913
1.901	4.7	-0.00207001
1.901	4.75	-0.00200453
1.901	4.8	-0.00194632
1.901	4.85	-0.00188084
1.901	4.9	-0.00182627
1.901	4.95	-0.0017717
1.901	5	-0.00171713
1.951	0.05	-1.19188
1.951	0.1	-1.48468
1.951	0.15	-1.51604
1.951	0.2	-1.44976
1.951	0.25	-1.35428
1.951	0.3	-1.2491
1.951	0.35	-1.13103
1.951	0.4	-1.02097
1.951	0.45	-0.925942
1.951	0.5	-0.831154
1.951	0.55	-0.745422
1.951	0.6	-0.668217
1.951	0.65	-0.598855
1.951	0.7	-0.536671
1.951	0.75	-0.482272
1.951	0.8	-0.431908
1.951	0.85	-0.386961
1.951	0.9	-0.346867
1.951	0.95	-0.311113
1.951	1	-0.279237
1.951	1.05	-0.250802
1.951	1.1	-0.225453
1.951	1.15	-0.203541
1.951	1.2	-0.183383
1.951	1.25	-0.165353
1.951	1.3	-0.149237
1.951	1.35	-0.134827
1.951	1.4	-0.121927
1.951	1.45	-0.110373
1.951	1.5	-0.100023
1.951	1.55	-0.0907421
1.951	1.6	-0.082422
1.951	1.65	-0.074946
1.951	1.7	-0.0682339
1.951	1.75	-0.0622022
1.951	1.8	-0.0567707
1.951	1.85	-0.0524087
1.951	1.9	-0.0479376
1.951	1.95	-0.0438995
1.951	2	-0.0402542
1.951	2.05	-0.0369582
1.951	2.1	-0.0339714
1.951	2.15	-0.0312721
1.951	2.2	-0.0288237
1.951	2.25	-0.0266009
1.951	2.3	-0.0245855
1.951	2.35	-0.0230029
1.951	2.4	-0.0213004
1.951	2.45	-0.0197469
1.951	2.5	-0.0183318
1.951	2.55	-0.0170403
1.951	2.6	-0.0158616
1.951	2.65	-0.0147811
1.951	2.7	-0.0137952
1.951	2.75	-0.012893
1.951	2.8	-0.0120672
1.951	2.85	-0.0114051
1.951	2.9	-0.0106884
1.951	2.95	-0.0100299
1.951	3	-0.009426
1.951	3.05	-0.00886939
1.951	3.1	-0.0083528
1.951	3.15	-0.0078835
1.951	3.2	-0.0074433
1.951	3.25	-0.00703585
1.951	3.3	-0.00666478
1.951	3.35	-0.00635191
1.951	3.4	-0.00602085
1.951	3.45	-0.00571526
1.951	3.5	-0.00542786
1.951	3.55	-0.00516229
1.951	3.6	-0.00491855
1.951	3.65	-0.00468935
1.951	3.7	-0.00447471
1.951	3.75	-0.00427463
1.951	3.8	-0.00408545
1.951	3.85	-0.00390719
1.951	3.9	-0.00374712
1.951	3.95	-0.00359796
1.951	4	-0.00345244
1.951	4.05	-0.0033142
1.951	4.1	-0.00318323
1.951	4.15	-0.0030559
1.951	4.2	-0.00294312
1.951	4.25	-0.00283399
1.951	4.3	-0.00272848
1.951	4.35	-0.00263026
1.951	4.4	-0.00253931
1.951	4.45	-0.00244836
1.951	4.5	-0.00236832
1.951	4.55	-0.00228465
1.951	4.6	-0.00221189
1.951	4.65	-0.00213913
1.951	4.7	-0.00207001
1.951	4.75	-0.00200453
1.951	4.8	-0.00194268
1.951	4.85	-0.00188084
1.951	4.9	-0.00182263
1.951	4.95	-0.00176806
1.951	5	-0.00171713
