0.001	0	-1.19798
0.001	0.01	-0.0382825
0.001	0.02	-0.0191576
0.001	0.03	-0.0127802
0.001	0.04	-0.00959335
0.001	0.05	-0.00767977
0.001	0.06	-0.00640648
0.001	0.07	-0.00549335
0.001	0.08	-0.00480941
0.001	0.09	-0.00427463
0.001	0.1	-0.00384898
0.001	0.11	-0.00349974
0.001	0.12	-0.0032087
0.001	0.13	-0.00295768
0.001	0.14	-0.00275031
0.001	0.15	-0.00256114
0.001	0.16	-0.00240107
0.001	0.17	-0.00225918
0.001	0.18	-0.00213186
0.001	0.19	-0.00201908
0.001	0.2	-0.00191721
0.001	0.21	-0.00182263
0.001	0.22	-0.00173895
0.001	0.23	-0.00166256
0.001	0.24	-0.0015898
0.001	0.25	-0.00152431
0.001	0.26	-0.00146247
0.001	0.27	-0.0014079
0.001	0.28	-0.00135333
0.001	0.29	-0.0013024
0.001	0.3	-0.00125874
0.001	0.31	-0.00121508
0.001	0.32	-0.00117507
0.001	0.33	-0.00113869
0.001	0.34	-0.00110231
0.001	0.35	-0.00106593
0.001	0.36	-0.00103319
0.001	0.37	-0.00100408
0.001	0.38	-0.000974978
0.001	0.39	-0.000949512
0.001	0.4	-0.000920409
0.001	0.41	-0.000894943
0.001	0.42	-0.000873115
0.001	0.43	-0.000847649
0.001	0.44	-0.000822183
0.001	0.45	-0.000803993
0.001	0.46	-0.000782165
0.001	0.47	-0.000763976
0.001	0.48	-0.000745786
0.001	0.49	-0.000727596
0.051	0	-0.946518
0.051	0.01	-0.956727
0.051	0.02	-0.961067
0.051	0.03	-0.957109
0.051	0.04	-0.941953
0.051	0.05	-0.914813
0.051	0.06	-0.851302
0.051	0.07	-0.714448
0.051	0.08	-0.448272
0.051	0.09	-0.271659
0.051	0.1	-0.205368
0.051	0.11	-0.178901
0.051	0.12	-0.162869
0.051	0.13	-0.150259
0.051	0.14	-0.139546
0.051	0.15	-0.130261
0.051	0.16	-0.122131
0.051	0.17	-0.114946
0.051	0.18	-0.108543
0.051	0.19	-0.102809
0.051	0.2	-0.0976361
0.051	0.21	-0.0929504
0.051	0.22	-0.0886794
0.051	0.23	-0.0847685
0.051	0.24	-0.0811742
0.051	0.25	-0.07786
0.051	0.26	-0.0747932
0.051	0.27	-0.0719447
0.051	0.28	-0.0692962
0.051	0.29	-0.0668224
0.051	0.3	-0.0645014
0.051	0.31	-0.0623295
0.051	0.32	-0.0602813
0.051	0.33	-0.0583532
0.051	0.34	-0.0565306
0.051	0.35	-0.0548062
0.051	0.36	-0.0531763
0.051	0.37	-0.0516266
0.051	0.38	-0.0501459
0.051	0.39	-0.0487453
0.051	0.4	-0.0474029
0.051	0.41	-0.0461223
0.051	0.42	-0.0448999
0.051	0.43	-0.0437285
0.051	0.44	-0.0426044
0.051	0.45	-0.0415275
0.051	0.46	-0.0404907
0.051	0.47	-0.0394939
0.051	0.48	-0.0385371
0.051	0.49	-0.0376131
0.101	0	-0.838379
0.101	0.01	-0.853957
0.101	0.02	-0.855951
0.101	0.03	-0.869455
0.101	0.04	-0.868687
0.101	0.05	-0.877379
0.101	0.06	-0.883367
0.101	0.07	-0.88452
0.101	0.08	-0.871121
0.101	0.09	-0.860971
0.101	0.1	-0.842407
0.101	0.11	-0.80805
0.101	0.12	-0.761909
0.101	0.13	-0.682943
0.101	0.14	-0.581746
0.101	0.15	-0.445834
0.101	0.16	-0.336939
0.101	0.17	-0.27944
0.101	0.18	-0.23509
0.101	0.19	-0.210341
0.101	0.2	-0.19513
0.101	0.21	-0.18454
0.101	0.22	-0.175572
0.101	0.23	-0.167627
0.101	0.24	-0.16054
0.101	0.25	-0.154043
0.101	0.26	-0.148044
0.101	0.27	-0.142478
0.101	0.28	-0.137301
0.101	0.29	-0.13247
0.101	0.3	-0.12794
0.101	0.31	-0.123695
0.101	0.32	-0.1197
0.101	0.33	-0.115931
0.101	0.34	-0.112377
0.101	0.35	-0.109012
0.101	0.36	-0.105822
0.101	0.37	-0.102798
0.101	0.38	-0.0999171
0.101	0.39	-0.0971741
0.101	0.4	-0.0945547
0.101	0.41	-0.0920554
0.101	0.42	-0.0896689
0.101	0.43	-0.0873806
0.101	0.44	-0.0851833
0.101	0.45	-0.0830769
0.101	0.46	-0.0810542
0.101	0.47	-0.0791078
0.101	0.48	-0.0772343
0.101	0.49	-0.0754262
0.151	0	-0.763081
0.151	0.01	-0.778593
0.151	0.02	-0.783537
0.151	0.03	-0.788099
0.151	0.04	-0.802676
0.151	0.05	-0.80559
0.151	0.06	-0.808181
0.151	0.07	-0.819684
0.151	0.08	-0.819648
0.151	0.09	-0.828364
0.151	0.1	-0.825148
0.151	0.11	-0.828939
0.151	0.12	-0.82899
0.151	0.13	-0.818382
0.151	0.14	-0.809832
0.151	0.15	-0.794622
0.151	0.16	-0.771768
0.151	0.17	-0.740565
0.151	0.18	-0.700784
0.151	0.19	-0.652908
0.151	0.2	-0.575586
0.151	0.21	-0.490545
0.151	0.22	-0.433192
0.151	0.23	-0.36203
0.151	0.24	-0.307165
0.151	0.25	-0.268104
0.151	0.26	-0.241344
0.151	0.27	-0.223015
0.151	0.28	-0.20998
0.151	0.29	-0.200125
0.151	0.3	-0.192551
0.151	0.31	-0.185475
0.151	0.32	-0.179229
0.151	0.33	-0.173575
0.151	0.34	-0.168253
0.151	0.35	-0.16328
0.151	0.36	-0.158569
0.151	0.37	-0.154112
0.151	0.38	-0.149874
0.151	0.39	-0.145839
0.151	0.4	-0.141987
0.151	0.41	-0.138312
0.151	0.42	-0.134798
0.151	0.43	-0.131429
0.151	0.44	-0.128202
0.151	0.45	-0.125106
0.151	0.46	-0.122131
0.151	0.47	-0.119267
0.151	0.48	-0.11651
0.151	0.49	-0.113854
0.201	0	-0.703414
0.201	0.01	-0.709744
0.201	0.02	-0.716027
0.201	0.03	-0.723212
0.201	0.04	-0.735206
0.201	0.05	-0.740405
0.201	0.06	-0.745444
0.201	0.07	-0.758431
0.201	0.08	-0.762095
0.201	0.09	-0.765376
0.201	0.1	-0.776956
0.201	0.11	-0.778517
0.201	0.12	-0.779561
0.201	0.13	-0.787611
0.201	0.14	-0.785942
0.201	0.15	-0.790806
0.201	0.16	-0.786076
0.201	0.17	-0.785789
0.201	0.18	-0.777345
0.201	0.19	-0.770269
0.201	0.2	-0.758002
0.201	0.21	-0.739627
0.201	0.22	-0.72096
0.201	0.23	-0.693093
0.201	0.24	-0.658583
0.201	0.25	-0.617965
0.201	0.26	-0.552365
0.201	0.27	-0.502787
0.201	0.28	-0.454005
0.201	0.29	-0.389151
0.201	0.3	-0.350676
0.201	0.31	-0.305721
0.201	0.32	-0.281158
0.201	0.33	-0.255066
0.201	0.34	-0.240507
0.201	0.35	-0.228549
0.201	0.36	-0.216834
0.201	0.37	-0.208962
0.201	0.38	-0.201446
0.201	0.39	-0.19549
0.201	0.4	-0.190026
0.201	0.41	-0.184955
0.201	0.42	-0.180116
0.201	0.43	-0.175642
0.201	0.44	-0.171382
0.201	0.45	-0.167314
0.201	0.46	-0.163403
0.201	0.47	-0.15966
0.201	0.48	-0.156047
0.201	0.49	-0.152573
0.251	0	-0.649048
0.251	0.01	-0.655498
0.251	0.02	-0.661788
0.251	0.03	-0.668126
0.251	0.04	-0.674587
0.251	0.05	-0.686363
0.251	0.06	-0.692093
0.251	0.07	-0.697579
0.251	0.08	-0.703072
0.251	0.09	-0.715114
0.251	0.1	-0.719669
0.251	0.11	-0.723972
0.251	0.12	-0.727952
0.251	0.13	-0.738743
0.251	0.14	-0.741307
0.251	0.15	-0.743446
0.251	0.16	-0.75241
0.251	0.17	-0.752709
0.251	0.18	-0.752461
0.251	0.19	-0.75762
0.251	0.2	-0.754735
0.251	0.21	-0.756358
0.251	0.22	-0.750577
0.251	0.23	-0.747117
0.251	0.24	-0.737971
0.251	0.25	-0.728149
0.251	0.26	-0.713331
0.251	0.27	-0.698245
0.251	0.28	-0.675689
0.251	0.29	-0.647546
0.251	0.3	-0.614149
0.251	0.31	-0.57631
0.251	0.32	-0.553078
0.251	0.33	-0.492986
0.251	0.34	-0.451
0.251	0.35	-0.411121
0.251	0.36	-0.374675
0.251	0.37	-0.34245
0.251	0.38	-0.314732
0.251	0.39	-0.282922
0.251	0.4	-0.265456
0.251	0.41	-0.251068
0.251	0.42	-0.239183
0.251	0.43	-0.22928
0.251	0.44	-0.220927
0.251	0.45	-0.212709
0.251	0.46	-0.206754
0.251	0.47	-0.201377
0.251	0.48	-0.196447
0.251	0.49	-0.19186
0.301	0	-0.600241
0.301	0.01	-0.606502
0.301	0.02	-0.612748
0.301	0.03	-0.618984
0.301	0.04	-0.625383
0.301	0.05	-0.635795
0.301	0.06	-0.641798
0.301	0.07	-0.647688
0.301	0.08	-0.653399
0.301	0.09	-0.659173
0.301	0.1	-0.665612
0.301	0.11	-0.675591
0.301	0.12	-0.680626
0.301	0.13	-0.68541
0.301	0.14	-0.690045
0.301	0.15	-0.70058
0.301	0.16	-0.704284
0.301	0.17	-0.707634
0.301	0.18	-0.710676
0.301	0.19	-0.719541
0.301	0.2	-0.72112
0.301	0.21	-0.722248
0.301	0.22	-0.728913
0.301	0.23	-0.728174
0.301	0.24	-0.726704
0.301	0.25	-0.729513
0.301	0.26	-0.725715
0.301	0.27	-0.724682
0.301	0.28	-0.718199
0.301	0.29	-0.712211
0.301	0.3	-0.702763
0.301	0.31	-0.690874
0.301	0.32	-0.678348
0.301	0.33	-0.660002
0.301	0.34	-0.636857
0.301	0.35	-0.619719
0.301	0.36	-0.590517
0.301	0.37	-0.557586
0.301	0.38	-0.521974
0.301	0.39	-0.485008
0.301	0.4	-0.448119
0.301	0.41	-0.428972
0.301	0.42	-0.394888
0.301	0.43	-0.363645
0.301	0.44	-0.335873
0.301	0.45	-0.302283
0.301	0.46	-0.283577
0.301	0.47	-0.267955
0.301	0.48	-0.254939
0.301	0.49	-0.244079
0.351	0	-0.556774
0.351	0.01	-0.562712
0.351	0.02	-0.568831
0.351	0.03	-0.575077
0.351	0.04	-0.58379
0.351	0.05	-0.5898
0.351	0.06	-0.595683
0.351	0.07	-0.601616
0.351	0.08	-0.607462
0.351	0.09	-0.613225
0.351	0.1	-0.619581
0.351	0.11	-0.628854
0.351	0.12	-0.634333
0.351	0.13	-0.63976
0.351	0.14	-0.644981
0.351	0.15	-0.650074
0.351	0.16	-0.660188
0.351	0.17	-0.664772
0.351	0.18	-0.669093
0.351	0.19	-0.673164
0.351	0.2	-0.677344
0.351	0.21	-0.686214
0.351	0.22	-0.689091
0.351	0.23	-0.691609
0.351	0.24	-0.694068
0.351	0.25	-0.700886
0.351	0.26	-0.701606
0.351	0.27	-0.701813
0.351	0.28	-0.706445
0.351	0.29	-0.704818
0.351	0.3	-0.702508
0.351	0.31	-0.703149
0.351	0.32	-0.698594
0.351	0.33	-0.695458
0.351	0.34	-0.688487
0.351	0.35	-0.680546
0.351	0.36	-0.671003
0.351	0.37	-0.657623
0.351	0.38	-0.645483
0.351	0.39	-0.626405
0.351	0.4	-0.611864
0.351	0.41	-0.587388
0.351	0.42	-0.559357
0.351	0.43	-0.542012
0.351	0.44	-0.510729
0.351	0.45	-0.47811
0.351	0.46	-0.445303
0.351	0.47	-0.428194
0.351	0.48	-0.39738
0.351	0.49	-0.368746
0.401	0	-0.519944
0.401	0.01	-0.525593
0.401	0.02	-0.531272
0.401	0.03	-0.536987
0.401	0.04	-0.542637
0.401	0.05	-0.548382
0.401	0.06	-0.554039
0.401	0.07	-0.559874
0.401	0.08	-0.565509
0.401	0.09	-0.574102
0.401	0.1	-0.579766
0.401	0.11	-0.585431
0.401	0.12	-0.590968
0.401	0.13	-0.596454
0.401	0.14	-0.601944
0.401	0.15	-0.607521
0.401	0.16	-0.616608
0.401	0.17	-0.621778
0.401	0.18	-0.626813
0.401	0.19	-0.631633
0.401	0.2	-0.636399
0.401	0.21	-0.641085
0.401	0.22	-0.64995
0.401	0.23	-0.653883
0.401	0.24	-0.657608
0.401	0.25	-0.660981
0.401	0.26	-0.664993
0.401	0.27	-0.671989
0.401	0.28	-0.674107
0.401	0.29	-0.675871
0.401	0.3	-0.678094
0.401	0.31	-0.682765
0.401	0.32	-0.682714
0.401	0.33	-0.682099
0.401	0.34	-0.68497
0.401	0.35	-0.682601
0.401	0.36	-0.679542
0.401	0.37	-0.678436
0.401	0.38	-0.673317
0.401	0.39	-0.668424
0.401	0.4	-0.661144
0.401	0.41	-0.652919
0.401	0.42	-0.64218
0.401	0.43	-0.631739
0.401	0.44	-0.616063
0.401	0.45	-0.60353
0.401	0.46	-0.583012
0.401	0.47	-0.559132
0.401	0.48	-0.54398
0.401	0.49	-0.516728
0.451	0	-0.484615
0.451	0.01	-0.489887
0.451	0.02	-0.495213
0.451	0.03	-0.500539
0.451	0.04	-0.506028
0.451	0.05	-0.511904
0.451	0.06	-0.518445
0.451	0.07	-0.523891
0.451	0.08	-0.529337
0.451	0.09	-0.534816
0.451	0.1	-0.540258
0.451	0.11	-0.545715
0.451	0.12	-0.551147
0.451	0.13	-0.556694
0.451	0.14	-0.562399
0.451	0.15	-0.570228
0.451	0.16	-0.575597
0.451	0.17	-0.580851
0.451	0.18	-0.586027
0.451	0.19	-0.591259
0.451	0.2	-0.596276
0.451	0.21	-0.601416
0.451	0.22	-0.609834
0.451	0.23	-0.614531
0.451	0.24	-0.619046
0.451	0.25	-0.62336
0.451	0.26	-0.627606
0.451	0.27	-0.632281
0.451	0.28	-0.639662
0.451	0.29	-0.642987
0.451	0.3	-0.64608
0.451	0.31	-0.648972
0.451	0.32	-0.655993
0.451	0.33	-0.657943
0.451	0.34	-0.659395
0.451	0.35	-0.660442
0.451	0.36	-0.665394
0.451	0.37	-0.665212
0.451	0.38	-0.664444
0.451	0.39	-0.663193
0.451	0.4	-0.664451
0.451	0.41	-0.661479
0.451	0.42	-0.657827
0.451	0.43	-0.655215
0.451	0.44	-0.649685
0.451	0.45	-0.643377
0.451	0.46	-0.635904
0.451	0.47	-0.627606
0.451	0.48	-0.61591
0.451	0.49	-0.605709
0.501	0	-0.454005
0.501	0.01	-0.458909
0.501	0.02	-0.463853
0.501	0.03	-0.468859
0.501	0.04	-0.473865
0.501	0.05	-0.478918
0.501	0.06	-0.483979
0.501	0.07	-0.489101
0.501	0.08	-0.494292
0.501	0.09	-0.499444
0.501	0.1	-0.50482
0.501	0.11	-0.511543
0.501	0.12	-0.516775
0.501	0.13	-0.522024
0.501	0.14	-0.527263
0.501	0.15	-0.532487
0.501	0.16	-0.537726
0.501	0.17	-0.542921
0.501	0.18	-0.548131
0.501	0.19	-0.553344
0.501	0.2	-0.561071
0.501	0.21	-0.566142
0.501	0.22	-0.571188
0.501	0.23	-0.576099
0.501	0.24	-0.580978
0.501	0.25	-0.585758
0.501	0.26	-0.590564
0.501	0.27	-0.59641
0.501	0.28	-0.602897
0.501	0.29	-0.607117
0.501	0.3	-0.611177
0.501	0.31	-0.614978
0.501	0.32	-0.618693
0.501	0.33	-0.626223
0.501	0.34	-0.62933
0.501	0.35	-0.632117
0.501	0.36	-0.634631
0.501	0.37	-0.636905
0.501	0.38	-0.642798
0.501	0.39	-0.644111
0.501	0.4	-0.644934
0.501	0.41	-0.645374
0.501	0.42	-0.648994
0.501	0.43	-0.64819
0.501	0.44	-0.646822
0.501	0.45	-0.644955
0.501	0.46	-0.644879
0.501	0.47	-0.641394
0.501	0.48	-0.637257
0.501	0.49	-0.633387
0.551	0	-0.425236
0.551	0.01	-0.429849
0.551	0.02	-0.434426
0.551	0.03	-0.43926
0.551	0.04	-0.444463
0.551	0.05	-0.449214
0.551	0.06	-0.45398
0.551	0.07	-0.458778
0.551	0.08	-0.463617
0.551	0.09	-0.468499
0.551	0.1	-0.473377
0.551	0.11	-0.478292
0.551	0.12	-0.483247
0.551	0.13	-0.488242
0.551	0.14	-0.49323
0.551	0.15	-0.49837
0.551	0.16	-0.503842
0.551	0.17	-0.509899
0.551	0.18	-0.51496
0.551	0.19	-0.51998
0.551	0.2	-0.525022
0.551	0.21	-0.529981
0.551	0.22	-0.535012
0.551	0.23	-0.539902
0.551	0.24	-0.544951
0.551	0.25	-0.550059
0.551	0.26	-0.557146
0.551	0.27	-0.561915
0.551	0.28	-0.566608
0.551	0.29	-0.571181
0.551	0.3	-0.575696
0.551	0.31	-0.580098
0.551	0.32	-0.584558
0.551	0.33	-0.591841
0.551	0.34	-0.59581
0.551	0.35	-0.599604
0.551	0.36	-0.603191
0.551	0.37	-0.606589
0.551	0.38	-0.60998
0.551	0.39	-0.61643
0.551	0.4	-0.619006
0.551	0.41	-0.621279
0.551	0.42	-0.623208
0.551	0.43	-0.624917
0.551	0.44	-0.629774
0.551	0.45	-0.630498
0.551	0.46	-0.630775
0.551	0.47	-0.630607
0.551	0.48	-0.63307
0.551	0.49	-0.631731
0.601	0	-0.399763
0.601	0.01	-0.403968
0.601	0.02	-0.408229
0.601	0.03	-0.412529
0.601	0.04	-0.416861
0.601	0.05	-0.421238
0.601	0.06	-0.425669
0.601	0.07	-0.430191
0.601	0.08	-0.434877
0.601	0.09	-0.439944
0.601	0.1	-0.444557
0.601	0.11	-0.449196
0.601	0.12	-0.453852
0.601	0.13	-0.458545
0.601	0.14	-0.463275
0.601	0.15	-0.468011
0.601	0.16	-0.472774
0.601	0.17	-0.477532
0.601	0.18	-0.482352
0.601	0.19	-0.487191
0.601	0.2	-0.491997
0.601	0.21	-0.497017
0.601	0.22	-0.503256
0.601	0.23	-0.508116
0.601	0.24	-0.512948
0.601	0.25	-0.517772
0.601	0.26	-0.522574
0.601	0.27	-0.527376
0.601	0.28	-0.532102
0.601	0.29	-0.536835
0.601	0.3	-0.541524
0.601	0.31	-0.547017
0.601	0.32	-0.553035
0.601	0.33	-0.55752
0.601	0.34	-0.561871
0.601	0.35	-0.566113
0.601	0.36	-0.570286
0.601	0.37	-0.574328
0.601	0.38	-0.57873
0.601	0.39	-0.58506
0.601	0.4	-0.588636
0.601	0.41	-0.591994
0.601	0.42	-0.595108
0.601	0.43	-0.598153
0.601	0.44	-0.600987
0.601	0.45	-0.606626
0.601	0.46	-0.608703
0.601	0.47	-0.610475
0.601	0.48	-0.611915
0.601	0.49	-0.613258
0.651	0	-0.376454
0.651	0.01	-0.380347
0.651	0.02	-0.384291
0.651	0.03	-0.388271
0.651	0.04	-0.392301
0.651	0.05	-0.396372
0.651	0.06	-0.400483
0.651	0.07	-0.40462
0.651	0.08	-0.408843
0.651	0.09	-0.413067
0.651	0.1	-0.417331
0.651	0.11	-0.421627
0.651	0.12	-0.426062
0.651	0.13	-0.430424
0.651	0.14	-0.43504
0.651	0.15	-0.44001
0.651	0.16	-0.444517
0.651	0.17	-0.449058
0.651	0.18	-0.453598
0.651	0.19	-0.458189
0.651	0.2	-0.462798
0.651	0.21	-0.4674
0.651	0.22	-0.472017
0.651	0.23	-0.476677
0.651	0.24	-0.481348
0.651	0.25	-0.486016
0.651	0.26	-0.490818
0.651	0.27	-0.495893
0.651	0.28	-0.501517
0.651	0.29	-0.506177
0.651	0.3	-0.510823
0.651	0.31	-0.515447
0.651	0.32	-0.520005
0.651	0.33	-0.524575
0.651	0.34	-0.529035
0.651	0.35	-0.53359
0.651	0.36	-0.538188
0.651	0.37	-0.544525
0.651	0.38	-0.548793
0.651	0.39	-0.552958
0.651	0.4	-0.556975
0.651	0.41	-0.560925
0.651	0.42	-0.564756
0.651	0.43	-0.568529
0.651	0.44	-0.573131
0.651	0.45	-0.578162
0.651	0.46	-0.581324
0.651	0.47	-0.58427
0.651	0.48	-0.586995
0.651	0.49	-0.589553
0.701	0	-0.355096
0.701	0.01	-0.358701
0.701	0.02	-0.36235
0.701	0.03	-0.366039
0.701	0.04	-0.369782
0.701	0.05	-0.373555
0.701	0.06	-0.377371
0.701	0.07	-0.381235
0.701	0.08	-0.385131
0.701	0.09	-0.38906
0.701	0.1	-0.393047
0.701	0.11	-0.39706
0.701	0.12	-0.401113
0.701	0.13	-0.405209
0.701	0.14	-0.409345
0.701	0.15	-0.413511
0.701	0.16	-0.417709
0.701	0.17	-0.42202
0.701	0.18	-0.42628
0.701	0.19	-0.430755
0.701	0.2	-0.43559
0.701	0.21	-0.439984
0.701	0.22	-0.44439
0.701	0.23	-0.448796
0.701	0.24	-0.453241
0.701	0.25	-0.457723
0.701	0.26	-0.462187
0.701	0.27	-0.466673
0.701	0.28	-0.471144
0.701	0.29	-0.475658
0.701	0.3	-0.480195
0.701	0.31	-0.484681
0.701	0.32	-0.489341
0.701	0.33	-0.49514
0.701	0.34	-0.499622
0.701	0.35	-0.504093
0.701	0.36	-0.508502
0.701	0.37	-0.512922
0.701	0.38	-0.517273
0.701	0.39	-0.521584
0.701	0.4	-0.525812
0.701	0.41	-0.530101
0.701	0.42	-0.535019
0.701	0.43	-0.540404
0.701	0.44	-0.544373
0.701	0.45	-0.548218
0.701	0.46	-0.551921
0.701	0.47	-0.555541
0.701	0.48	-0.559015
0.701	0.49	-0.562493
0.751	0	-0.335407
0.751	0.01	-0.338725
0.751	0.02	-0.34209
0.751	0.03	-0.345488
0.751	0.04	-0.34898
0.751	0.05	-0.352469
0.751	0.06	-0.356151
0.751	0.07	-0.359731
0.751	0.08	-0.363354
0.751	0.09	-0.367021
0.751	0.1	-0.370717
0.751	0.11	-0.374457
0.751	0.12	-0.37823
0.751	0.13	-0.38205
0.751	0.14	-0.385899
0.751	0.15	-0.389799
0.751	0.16	-0.39372
0.751	0.17	-0.397682
0.751	0.18	-0.401669
0.751	0.19	-0.405729
0.751	0.2	-0.409782
0.751	0.21	-0.413875
0.751	0.22	-0.417993
0.751	0.23	-0.422238
0.751	0.24	-0.426593
0.751	0.25	-0.431286
0.751	0.26	-0.435539
0.751	0.27	-0.439832
0.751	0.28	-0.444135
0.751	0.29	-0.448439
0.751	0.3	-0.452779
0.751	0.31	-0.457127
0.751	0.32	-0.461452
0.751	0.33	-0.465803
0.751	0.34	-0.470176
0.751	0.35	-0.474549
0.751	0.36	-0.478907
0.751	0.37	-0.48336
0.751	0.38	-0.488959
0.751	0.39	-0.493284
0.751	0.4	-0.497588
0.751	0.41	-0.501845
0.751	0.42	-0.506079
0.751	0.43	-0.510248
0.751	0.44	-0.514399
0.751	0.45	-0.518474
0.751	0.46	-0.522585
0.751	0.47	-0.526717
0.751	0.48	-0.532371
0.751	0.49	-0.536136
0.801	0	-0.317548
0.801	0.01	-0.320611
0.801	0.02	-0.323715
0.801	0.03	-0.326865
0.801	0.04	-0.330048
0.801	0.05	-0.333283
0.801	0.06	-0.336546
0.801	0.07	-0.339853
0.801	0.08	-0.343185
0.801	0.09	-0.346619
0.801	0.1	-0.350039
0.801	0.11	-0.353652
0.801	0.12	-0.357162
0.801	0.13	-0.360713
0.801	0.14	-0.364296
0.801	0.15	-0.367938
0.801	0.16	-0.371594
0.801	0.17	-0.37529
0.801	0.18	-0.379034
0.801	0.19	-0.382803
0.801	0.2	-0.386608
0.801	0.21	-0.39045
0.801	0.22	-0.394321
0.801	0.23	-0.398217
0.801	0.24	-0.402182
0.801	0.25	-0.40614
0.801	0.26	-0.410128
0.801	0.27	-0.414155
0.801	0.28	-0.418284
0.801	0.29	-0.422351
0.801	0.3	-0.426622
0.801	0.31	-0.431228
0.801	0.32	-0.435401
0.801	0.33	-0.439584
0.801	0.34	-0.443768
0.801	0.35	-0.447973
0.801	0.36	-0.452197
0.801	0.37	-0.456406
0.801	0.38	-0.46063
0.801	0.39	-0.464828
0.801	0.4	-0.469045
0.801	0.41	-0.47329
0.801	0.42	-0.477463
0.801	0.43	-0.48212
0.801	0.44	-0.487158
0.801	0.45	-0.491302
0.801	0.46	-0.495416
0.801	0.47	-0.499473
0.801	0.48	-0.5035
0.801	0.49	-0.507473
0.851	0	-0.301177
0.851	0.01	-0.304008
0.851	0.02	-0.306882
0.851	0.03	-0.309788
0.851	0.04	-0.312732
0.851	0.05	-0.315711
0.851	0.06	-0.318734
0.851	0.07	-0.321783
0.851	0.08	-0.324886
0.851	0.09	-0.328011
0.851	0.1	-0.33118
0.851	0.11	-0.334399
0.851	0.12	-0.337644
0.851	0.13	-0.34093
0.851	0.14	-0.34424
0.851	0.15	-0.347653
0.851	0.16	-0.351192
0.851	0.17	-0.354641
0.851	0.18	-0.358123
0.851	0.19	-0.361641
0.851	0.2	-0.365202
0.851	0.21	-0.368789
0.851	0.22	-0.372416
0.851	0.23	-0.376076
0.851	0.24	-0.379765
0.851	0.25	-0.383483
0.851	0.26	-0.387248
0.851	0.27	-0.391032
0.851	0.28	-0.394844
0.851	0.29	-0.398682
0.851	0.3	-0.402582
0.851	0.31	-0.406479
0.851	0.32	-0.410397
0.851	0.33	-0.41434
0.851	0.34	-0.418393
0.851	0.35	-0.422555
0.851	0.36	-0.427022
0.851	0.37	-0.431075
0.851	0.38	-0.435146
0.851	0.39	-0.439224
0.851	0.4	-0.443302
0.851	0.41	-0.447399
0.851	0.42	-0.451502
0.851	0.43	-0.45557
0.851	0.44	-0.459648
0.851	0.45	-0.463737
0.851	0.46	-0.467833
0.851	0.47	-0.47189
0.851	0.48	-0.476037
0.851	0.49	-0.48121
0.901	0	-0.286142
0.901	0.01	-0.288761
0.901	0.02	-0.291417
0.901	0.03	-0.294101
0.901	0.04	-0.296826
0.901	0.05	-0.299584
0.901	0.06	-0.302374
0.901	0.07	-0.305208
0.901	0.08	-0.308071
0.901	0.09	-0.310971
0.901	0.1	-0.313907
0.901	0.11	-0.316879
0.901	0.12	-0.319884
0.901	0.13	-0.322929
0.901	0.14	-0.32601
0.901	0.15	-0.329121
0.901	0.16	-0.332286
0.901	0.17	-0.335473
0.901	0.18	-0.338707
0.901	0.19	-0.341963
0.901	0.2	-0.34531
0.901	0.21	-0.348646
0.901	0.22	-0.352164
0.901	0.23	-0.35558
0.901	0.24	-0.359032
0.901	0.25	-0.362517
0.901	0.26	-0.366043
0.901	0.27	-0.369593
0.901	0.28	-0.373173
0.901	0.29	-0.376789
0.901	0.3	-0.380431
0.901	0.31	-0.384105
0.901	0.32	-0.387812
0.901	0.33	-0.391545
0.901	0.34	-0.395292
0.901	0.35	-0.399101
0.901	0.36	-0.402906
0.901	0.37	-0.406726
0.901	0.38	-0.410579
0.901	0.39	-0.414522
0.901	0.4	-0.418408
0.901	0.41	-0.422911
0.901	0.42	-0.426866
0.901	0.43	-0.430831
0.901	0.44	-0.434793
0.901	0.45	-0.438755
0.901	0.46	-0.44272
0.901	0.47	-0.446715
0.901	0.48	-0.450673
0.901	0.49	-0.454631
0.951	0	-0.272321
0.951	0.01	-0.274744
0.951	0.02	-0.277199
0.951	0.03	-0.279688
0.951	0.04	-0.282205
0.951	0.05	-0.284759
0.951	0.06	-0.287342
0.951	0.07	-0.289961
0.951	0.08	-0.29261
0.951	0.09	-0.295295
0.951	0.1	-0.298012
0.951	0.11	-0.300766
0.951	0.12	-0.303557
0.951	0.13	-0.30638
0.951	0.14	-0.309235
0.951	0.15	-0.312124
0.951	0.16	-0.315049
0.951	0.17	-0.31801
0.951	0.18	-0.321008
0.951	0.19	-0.324038
0.951	0.2	-0.327102
0.951	0.21	-0.330216
0.951	0.22	-0.333348
0.951	0.23	-0.33652
0.951	0.24	-0.339722
0.951	0.25	-0.343007
0.951	0.26	-0.346281
0.951	0.27	-0.34973
0.951	0.28	-0.35308
0.951	0.29	-0.356471
0.951	0.3	-0.359887
0.951	0.31	-0.363343
0.951	0.32	-0.366821
0.951	0.33	-0.370332
0.951	0.34	-0.373875
0.951	0.35	-0.377437
0.951	0.36	-0.381031
0.951	0.37	-0.384662
0.951	0.38	-0.388311
0.951	0.39	-0.391978
0.951	0.4	-0.395674
0.951	0.41	-0.39941
0.951	0.42	-0.403146
0.951	0.43	-0.406897
0.951	0.44	-0.410742
0.951	0.45	-0.414544
0.951	0.46	-0.418502
0.951	0.47	-0.422751
0.951	0.48	-0.426608
0.951	0.49	-0.430471
1.001	0	-0.259599
1.001	0.01	-0.261844
1.001	0.02	-0.264117
1.001	0.03	-0.266416
1.001	0.04	-0.268748
1.001	0.05	-0.271113
1.001	0.06	-0.273507
1.001	0.07	-0.275926
1.001	0.08	-0.278385
1.001	0.09	-0.28087
1.001	0.1	-0.283388
1.001	0.11	-0.285941
1.001	0.12	-0.288524
1.001	0.13	-0.291137
1.001	0.14	-0.293785
1.001	0.15	-0.29647
1.001	0.16	-0.29918
1.001	0.17	-0.30193
1.001	0.18	-0.304713
1.001	0.19	-0.307526
1.001	0.2	-0.310371
1.001	0.21	-0.313252
1.001	0.22	-0.316166
1.001	0.23	-0.319113
1.001	0.24	-0.322096
1.001	0.25	-0.325112
1.001	0.26	-0.328157
1.001	0.27	-0.331253
1.001	0.28	-0.33437
1.001	0.29	-0.337521
1.001	0.3	-0.340744
1.001	0.31	-0.343956
1.001	0.32	-0.347343
1.001	0.33	-0.350632
1.001	0.34	-0.353954
1.001	0.35	-0.357304
1.001	0.36	-0.360687
1.001	0.37	-0.364107
1.001	0.38	-0.367549
1.001	0.39	-0.371008
1.001	0.4	-0.374504
1.001	0.41	-0.378022
1.001	0.42	-0.381573
1.001	0.43	-0.385142
1.001	0.44	-0.388729
1.001	0.45	-0.392338
1.001	0.46	-0.395994
1.001	0.47	-0.399643
1.001	0.48	-0.403314
1.001	0.49	-0.406988
1.051	0	-0.247859
1.051	0.01	-0.24994
1.051	0.02	-0.252043
1.051	0.03	-0.254189
1.051	0.04	-0.25635
1.051	0.05	-0.25854
1.051	0.06	-0.260756
1.051	0.07	-0.263004
1.051	0.08	-0.265278
1.051	0.09	-0.267584
1.051	0.1	-0.269916
1.051	0.11	-0.272281
1.051	0.12	-0.274675
1.051	0.13	-0.277101
1.051	0.14	-0.279553
1.051	0.15	-0.282042
1.051	0.16	-0.284555
1.051	0.17	-0.287106
1.051	0.18	-0.289689
1.051	0.19	-0.292297
1.051	0.2	-0.294942
1.051	0.21	-0.297619
1.051	0.22	-0.300326
1.051	0.23	-0.303069
1.051	0.24	-0.305841
1.051	0.25	-0.308642
1.051	0.26	-0.31148
1.051	0.27	-0.314347
1.051	0.28	-0.317246
1.051	0.29	-0.320186
1.051	0.3	-0.323154
1.051	0.31	-0.326148
1.051	0.32	-0.329193
1.051	0.33	-0.332249
1.051	0.34	-0.335353
1.051	0.35	-0.338474
1.051	0.36	-0.341679
1.051	0.37	-0.344866
1.051	0.38	-0.348227
1.051	0.39	-0.351483
1.051	0.4	-0.354776
1.051	0.41	-0.35809
1.051	0.42	-0.36144
1.051	0.43	-0.364809
1.051	0.44	-0.368207
1.051	0.45	-0.371634
1.051	0.46	-0.375076
1.051	0.47	-0.378543
1.051	0.48	-0.382046
1.051	0.49	-0.385549
1.101	0	-0.237033
1.101	0.01	-0.238961
1.101	0.02	-0.240918
1.101	0.03	-0.242893
1.101	0.04	-0.244901
1.101	0.05	-0.246928
1.101	0.06	-0.248987
1.101	0.07	-0.251068
1.101	0.08	-0.253189
1.101	0.09	-0.255324
1.101	0.1	-0.257489
1.101	0.11	-0.259683
1.101	0.12	-0.261902
1.101	0.13	-0.26415
1.101	0.14	-0.266431
1.101	0.15	-0.268734
1.101	0.16	-0.271073
1.101	0.17	-0.273434
1.101	0.18	-0.275832
1.101	0.19	-0.278254
1.101	0.2	-0.280706
1.101	0.21	-0.283195
1.101	0.22	-0.285709
1.101	0.23	-0.288252
1.101	0.24	-0.290831
1.101	0.25	-0.293436
1.101	0.26	-0.296077
1.101	0.27	-0.298744
1.101	0.28	-0.301447
1.101	0.29	-0.304179
1.101	0.3	-0.306944
1.101	0.31	-0.309734
1.101	0.32	-0.312557
1.101	0.33	-0.315416
1.101	0.34	-0.318305
1.101	0.35	-0.321226
1.101	0.36	-0.324173
1.101	0.37	-0.327163
1.101	0.38	-0.330176
1.101	0.39	-0.333217
1.101	0.4	-0.336291
1.101	0.41	-0.339434
1.101	0.42	-0.342563
1.101	0.43	-0.345863
1.101	0.44	-0.349057
1.101	0.45	-0.352287
1.101	0.46	-0.35554
1.101	0.47	-0.358828
1.101	0.48	-0.362132
1.101	0.49	-0.36546
1.151	0	-0.227021
1.151	0.01	-0.228811
1.151	0.02	-0.230626
1.151	0.03	-0.232463
1.151	0.04	-0.234326
1.151	0.05	-0.23621
1.151	0.06	-0.238117
1.151	0.07	-0.240056
1.151	0.08	-0.242013
1.151	0.09	-0.243999
1.151	0.1	-0.246004
1.151	0.11	-0.248041
1.151	0.12	-0.2501
1.151	0.13	-0.252196
1.151	0.14	-0.254313
1.151	0.15	-0.256452
1.151	0.16	-0.25862
1.151	0.17	-0.260818
1.151	0.18	-0.26304
1.151	0.19	-0.265289
1.151	0.2	-0.267566
1.151	0.21	-0.269876
1.151	0.22	-0.272212
1.151	0.23	-0.274576
1.151	0.24	-0.27697
1.151	0.25	-0.279393
1.151	0.26	-0.281845
1.151	0.27	-0.28433
1.151	0.28	-0.286836
1.151	0.29	-0.289379
1.151	0.3	-0.291951
1.151	0.31	-0.294553
1.151	0.32	-0.297186
1.151	0.33	-0.299849
1.151	0.34	-0.302538
1.151	0.35	-0.305263
1.151	0.36	-0.308017
1.151	0.37	-0.310796
1.151	0.38	-0.313608
1.151	0.39	-0.31645
1.151	0.4	-0.319324
1.151	0.41	-0.322227
1.151	0.42	-0.325155
1.151	0.43	-0.328127
1.151	0.44	-0.331122
1.151	0.45	-0.334137
1.151	0.46	-0.33723
1.151	0.47	-0.340307
1.151	0.48	-0.343534
1.151	0.49	-0.346681
1.201	0	-0.217737
1.201	0.01	-0.219403
1.201	0.02	-0.221091
1.201	0.03	-0.222804
1.201	0.04	-0.224532
1.201	0.05	-0.22629
1.201	0.06	-0.228065
1.201	0.07	-0.229862
1.201	0.08	-0.231681
1.201	0.09	-0.233525
1.201	0.1	-0.235392
1.201	0.11	-0.237287
1.201	0.12	-0.239201
1.201	0.13	-0.24114
1.201	0.14	-0.243104
1.201	0.15	-0.245094
1.201	0.16	-0.247102
1.201	0.17	-0.249143
1.201	0.18	-0.251221
1.201	0.19	-0.253309
1.201	0.2	-0.255426
1.201	0.21	-0.257573
1.201	0.22	-0.259741
1.201	0.23	-0.261938
1.201	0.24	-0.264165
1.201	0.25	-0.266416
1.201	0.26	-0.268694
1.201	0.27	-0.271004
1.201	0.28	-0.27334
1.201	0.29	-0.275701
1.201	0.3	-0.278094
1.201	0.31	-0.280517
1.201	0.32	-0.282966
1.201	0.33	-0.285443
1.201	0.34	-0.28795
1.201	0.35	-0.290485
1.201	0.36	-0.293054
1.201	0.37	-0.295648
1.201	0.38	-0.298271
1.201	0.39	-0.300926
1.201	0.4	-0.303611
1.201	0.41	-0.306321
1.201	0.42	-0.309061
1.201	0.43	-0.311829
1.201	0.44	-0.314627
1.201	0.45	-0.317457
1.201	0.46	-0.320313
1.201	0.47	-0.323191
1.201	0.48	-0.326119
1.201	0.49	-0.329059
1.251	0	-0.209111
1.251	0.01	-0.210668
1.251	0.02	-0.21224
1.251	0.03	-0.213837
1.251	0.04	-0.215452
1.251	0.05	-0.217085
1.251	0.06	-0.218741
1.251	0.07	-0.220411
1.251	0.08	-0.22211
1.251	0.09	-0.223827
1.251	0.1	-0.225566
1.251	0.11	-0.227326
1.251	0.12	-0.229105
1.251	0.13	-0.23091
1.251	0.14	-0.232736
1.251	0.15	-0.234584
1.251	0.16	-0.236458
1.251	0.17	-0.238353
1.251	0.18	-0.240278
1.251	0.19	-0.24222
1.251	0.2	-0.244188
1.251	0.21	-0.246178
1.251	0.22	-0.248197
1.251	0.23	-0.250249
1.251	0.24	-0.252316
1.251	0.25	-0.254411
1.251	0.26	-0.256532
1.251	0.27	-0.258675
1.251	0.28	-0.26085
1.251	0.29	-0.263048
1.251	0.3	-0.265274
1.251	0.31	-0.267526
1.251	0.32	-0.269807
1.251	0.33	-0.272117
1.251	0.34	-0.274453
1.251	0.35	-0.27681
1.251	0.36	-0.2792
1.251	0.37	-0.28162
1.251	0.38	-0.284064
1.251	0.39	-0.286542
1.251	0.4	-0.289041
1.251	0.41	-0.291573
1.251	0.42	-0.294131
1.251	0.43	-0.296717
1.251	0.44	-0.299337
1.251	0.45	-0.301978
1.251	0.46	-0.304652
1.251	0.47	-0.307351
1.251	0.48	-0.310076
1.251	0.49	-0.31283
1.301	0	-0.201086
1.301	0.01	-0.202541
1.301	0.02	-0.204011
1.301	0.03	-0.205499
1.301	0.04	-0.207005
1.301	0.05	-0.208533
1.301	0.06	-0.210075
1.301	0.07	-0.211636
1.301	0.08	-0.213218
1.301	0.09	-0.214819
1.301	0.1	-0.216442
1.301	0.11	-0.218079
1.301	0.12	-0.219741
1.301	0.13	-0.221422
1.301	0.14	-0.223125
1.301	0.15	-0.224849
1.301	0.16	-0.226592
1.301	0.17	-0.228356
1.301	0.18	-0.230142
1.301	0.19	-0.231954
1.301	0.2	-0.233784
1.301	0.21	-0.235639
1.301	0.22	-0.237516
1.301	0.23	-0.239419
1.301	0.24	-0.241344
1.301	0.25	-0.24329
1.301	0.26	-0.245265
1.301	0.27	-0.247259
1.301	0.28	-0.249278
1.301	0.29	-0.251337
1.301	0.3	-0.253407
1.301	0.31	-0.255506
1.301	0.32	-0.257627
1.301	0.33	-0.259774
1.301	0.34	-0.261949
1.301	0.35	-0.26415
1.301	0.36	-0.266373
1.301	0.37	-0.268628
1.301	0.38	-0.270906
1.301	0.39	-0.273212
1.301	0.4	-0.275544
1.301	0.41	-0.277905
1.301	0.42	-0.280295
1.301	0.43	-0.282704
1.301	0.44	-0.285148
1.301	0.45	-0.287619
1.301	0.46	-0.290111
1.301	0.47	-0.292635
1.301	0.48	-0.295186
1.301	0.49	-0.297765
1.351	0	-0.193602
1.351	0.01	-0.194963
1.351	0.02	-0.196338
1.351	0.03	-0.197731
1.351	0.04	-0.199139
1.351	0.05	-0.200569
1.351	0.06	-0.202006
1.351	0.07	-0.203469
1.351	0.08	-0.204949
1.351	0.09	-0.206441
1.351	0.1	-0.207954
1.351	0.11	-0.209489
1.351	0.12	-0.211039
1.351	0.13	-0.212607
1.351	0.14	-0.214193
1.351	0.15	-0.215801
1.351	0.16	-0.217424
1.351	0.17	-0.219072
1.351	0.18	-0.220742
1.351	0.19	-0.22243
1.351	0.2	-0.224136
1.351	0.21	-0.225864
1.351	0.22	-0.227614
1.351	0.23	-0.229382
1.351	0.24	-0.231175
1.351	0.25	-0.232991
1.351	0.26	-0.234828
1.351	0.27	-0.236687
1.351	0.28	-0.238571
1.351	0.29	-0.240478
1.351	0.3	-0.242406
1.351	0.31	-0.244359
1.351	0.32	-0.246331
1.351	0.33	-0.248332
1.351	0.34	-0.250366
1.351	0.35	-0.252418
1.351	0.36	-0.254488
1.351	0.37	-0.25659
1.351	0.38	-0.258711
1.351	0.39	-0.260861
1.351	0.4	-0.263033
1.351	0.41	-0.265238
1.351	0.42	-0.267461
1.351	0.43	-0.269712
1.351	0.44	-0.27199
1.351	0.45	-0.274293
1.351	0.46	-0.276625
1.351	0.47	-0.278978
1.351	0.48	-0.281365
1.351	0.49	-0.283773
1.401	0	-0.18661
1.401	0.01	-0.187887
1.401	0.02	-0.189175
1.401	0.03	-0.190481
1.401	0.04	-0.191798
1.401	0.05	-0.193133
1.401	0.06	-0.194486
1.401	0.07	-0.195851
1.401	0.08	-0.197233
1.401	0.09	-0.198634
1.401	0.1	-0.200049
1.401	0.11	-0.201479
1.401	0.12	-0.20293
1.401	0.13	-0.204396
1.401	0.14	-0.20588
1.401	0.15	-0.207383
1.401	0.16	-0.2089
1.401	0.17	-0.210439
1.401	0.18	-0.212
1.401	0.19	-0.213575
1.401	0.2	-0.215165
1.401	0.21	-0.21678
1.401	0.22	-0.218413
1.401	0.23	-0.220061
1.401	0.24	-0.221738
1.401	0.25	-0.22343
1.401	0.26	-0.225144
1.401	0.27	-0.226879
1.401	0.28	-0.228632
1.401	0.29	-0.230408
1.401	0.3	-0.232209
1.401	0.31	-0.234024
1.401	0.32	-0.235868
1.401	0.33	-0.237731
1.401	0.34	-0.239619
1.401	0.35	-0.241529
1.401	0.36	-0.243461
1.401	0.37	-0.245414
1.401	0.38	-0.247393
1.401	0.39	-0.249405
1.401	0.4	-0.251432
1.401	0.41	-0.253483
1.401	0.42	-0.255557
1.401	0.43	-0.25766
1.401	0.44	-0.259784
1.401	0.45	-0.261934
1.401	0.46	-0.264106
1.401	0.47	-0.266307
1.401	0.48	-0.268534
1.401	0.49	-0.270782
1.451	0	-0.180065
1.451	0.01	-0.181262
1.451	0.02	-0.182474
1.451	0.03	-0.183696
1.451	0.04	-0.184937
1.451	0.05	-0.186192
1.451	0.06	-0.187458
1.451	0.07	-0.188735
1.451	0.08	-0.190033
1.451	0.09	-0.191347
1.451	0.1	-0.192671
1.451	0.11	-0.194013
1.451	0.12	-0.195367
1.451	0.13	-0.196742
1.451	0.14	-0.198132
1.451	0.15	-0.199536
1.451	0.16	-0.200958
1.451	0.17	-0.202399
1.451	0.18	-0.203854
1.451	0.19	-0.205324
1.451	0.2	-0.206815
1.451	0.21	-0.208322
1.451	0.22	-0.20985
1.451	0.23	-0.211396
1.451	0.24	-0.212956
1.451	0.25	-0.214535
1.451	0.26	-0.21614
1.451	0.27	-0.217755
1.451	0.28	-0.219396
1.451	0.29	-0.221051
1.451	0.3	-0.222732
1.451	0.31	-0.224427
1.451	0.32	-0.226148
1.451	0.33	-0.227883
1.451	0.34	-0.229644
1.451	0.35	-0.23143
1.451	0.36	-0.233231
1.451	0.37	-0.23505
1.451	0.38	-0.236898
1.451	0.39	-0.238771
1.451	0.4	-0.240656
1.451	0.41	-0.242573
1.451	0.42	-0.244509
1.451	0.43	-0.246462
1.451	0.44	-0.248456
1.451	0.45	-0.25046
1.451	0.46	-0.25249
1.451	0.47	-0.254542
1.451	0.48	-0.256616
1.451	0.49	-0.258719
1.501	0	-0.173924
1.501	0.01	-0.175052
1.501	0.02	-0.176195
1.501	0.03	-0.177344
1.501	0.04	-0.178505
1.501	0.05	-0.179683
1.501	0.06	-0.180873
1.501	0.07	-0.182077
1.501	0.08	-0.183296
1.501	0.09	-0.184522
1.501	0.1	-0.18577
1.501	0.11	-0.187028
1.501	0.12	-0.188302
1.501	0.13	-0.18959
1.501	0.14	-0.190892
1.501	0.15	-0.192209
1.501	0.16	-0.19354
1.501	0.17	-0.19489
1.501	0.18	-0.196251
1.501	0.19	-0.19763
1.501	0.2	-0.199027
1.501	0.21	-0.200438
1.501	0.22	-0.201868
1.501	0.23	-0.203312
1.501	0.24	-0.204775
1.501	0.25	-0.206252
1.501	0.26	-0.207747
1.501	0.27	-0.209264
1.501	0.28	-0.210795
1.501	0.29	-0.212345
1.501	0.3	-0.213913
1.501	0.31	-0.215499
1.501	0.32	-0.217107
1.501	0.33	-0.21873
1.501	0.34	-0.220374
1.501	0.35	-0.222037
1.501	0.36	-0.223721
1.501	0.37	-0.225424
1.501	0.38	-0.227144
1.501	0.39	-0.228891
1.501	0.4	-0.230655
1.501	0.41	-0.232441
1.501	0.42	-0.234249
1.501	0.43	-0.236072
1.501	0.44	-0.237927
1.501	0.45	-0.239797
1.501	0.46	-0.241693
1.501	0.47	-0.24361
1.501	0.48	-0.245545
1.501	0.49	-0.247514
1.551	0	-0.168158
1.551	0.01	-0.169221
1.551	0.02	-0.170294
1.551	0.03	-0.171378
1.551	0.04	-0.172473
1.551	0.05	-0.173579
1.551	0.06	-0.174703
1.551	0.07	-0.175834
1.551	0.08	-0.176977
1.551	0.09	-0.178134
1.551	0.1	-0.179305
1.551	0.11	-0.180487
1.551	0.12	-0.181684
1.551	0.13	-0.182892
1.551	0.14	-0.184118
1.551	0.15	-0.185351
1.551	0.16	-0.186603
1.551	0.17	-0.187869
1.551	0.18	-0.189149
1.551	0.19	-0.190441
1.551	0.2	-0.191751
1.551	0.21	-0.193075
1.551	0.22	-0.194414
1.551	0.23	-0.195767
1.551	0.24	-0.197138
1.551	0.25	-0.198521
1.551	0.26	-0.199925
1.551	0.27	-0.201344
1.551	0.28	-0.202774
1.551	0.29	-0.204225
1.551	0.3	-0.205695
1.551	0.31	-0.207179
1.551	0.32	-0.208678
1.551	0.33	-0.210199
1.551	0.34	-0.211738
1.551	0.35	-0.213295
1.551	0.36	-0.214866
1.551	0.37	-0.21646
1.551	0.38	-0.218071
1.551	0.39	-0.219701
1.551	0.4	-0.221349
1.551	0.41	-0.223019
1.551	0.42	-0.224707
1.551	0.43	-0.226413
1.551	0.44	-0.228145
1.551	0.45	-0.229891
1.551	0.46	-0.231659
1.551	0.47	-0.233449
1.551	0.48	-0.235257
1.551	0.49	-0.237094
1.601	0	-0.16273
1.601	0.01	-0.163731
1.601	0.02	-0.164742
1.601	0.03	-0.165768
1.601	0.04	-0.166798
1.601	0.05	-0.167845
1.601	0.06	-0.1689
1.601	0.07	-0.169966
1.601	0.08	-0.171047
1.601	0.09	-0.172135
1.601	0.1	-0.173237
1.601	0.11	-0.17435
1.601	0.12	-0.175474
1.601	0.13	-0.176613
1.601	0.14	-0.177766
1.601	0.15	-0.178927
1.601	0.16	-0.180102
1.601	0.17	-0.181295
1.601	0.18	-0.182492
1.601	0.19	-0.183707
1.601	0.2	-0.18494
1.601	0.21	-0.186184
1.601	0.22	-0.187436
1.601	0.23	-0.188709
1.601	0.24	-0.189997
1.601	0.25	-0.191296
1.601	0.26	-0.192609
1.601	0.27	-0.193941
1.601	0.28	-0.195283
1.601	0.29	-0.196644
1.601	0.3	-0.198022
1.601	0.31	-0.199412
1.601	0.32	-0.20082
1.601	0.33	-0.202239
1.601	0.34	-0.203683
1.601	0.35	-0.205138
1.601	0.36	-0.206615
1.601	0.37	-0.208103
1.601	0.38	-0.209609
1.601	0.39	-0.211134
1.601	0.4	-0.21268
1.601	0.41	-0.214241
1.601	0.42	-0.215819
1.601	0.43	-0.217417
1.601	0.44	-0.219035
1.601	0.45	-0.220669
1.601	0.46	-0.222324
1.601	0.47	-0.223994
1.601	0.48	-0.225686
1.601	0.49	-0.227399
1.651	0	-0.157612
1.651	0.01	-0.158558
1.651	0.02	-0.159514
1.651	0.03	-0.160482
1.651	0.04	-0.161457
1.651	0.05	-0.162443
1.651	0.06	-0.163436
1.651	0.07	-0.164444
1.651	0.08	-0.165463
1.651	0.09	-0.166492
1.651	0.1	-0.167533
1.651	0.11	-0.16858
1.651	0.12	-0.169643
1.651	0.13	-0.170716
1.651	0.14	-0.1718
1.651	0.15	-0.172891
1.651	0.16	-0.174001
1.651	0.17	-0.175121
1.651	0.18	-0.176249
1.651	0.19	-0.177395
1.651	0.2	-0.178552
1.651	0.21	-0.17972
1.651	0.22	-0.180906
1.651	0.23	-0.182099
1.651	0.24	-0.183303
1.651	0.25	-0.184529
1.651	0.26	-0.185766
1.651	0.27	-0.18701
1.651	0.28	-0.188273
1.651	0.29	-0.189553
1.651	0.3	-0.190841
1.651	0.31	-0.192147
1.651	0.32	-0.193471
1.651	0.33	-0.194803
1.651	0.34	-0.196156
1.651	0.35	-0.197524
1.651	0.36	-0.198903
1.651	0.37	-0.2003
1.651	0.38	-0.201715
1.651	0.39	-0.203145
1.651	0.4	-0.204589
1.651	0.41	-0.206051
1.651	0.42	-0.207532
1.651	0.43	-0.209027
1.651	0.44	-0.210541
1.651	0.45	-0.212072
1.651	0.46	-0.213618
1.651	0.47	-0.215186
1.651	0.48	-0.216773
1.651	0.49	-0.21837
1.701	0	-0.152777
1.701	0.01	-0.153672
1.701	0.02	-0.154578
1.701	0.03	-0.155491
1.701	0.04	-0.156415
1.701	0.05	-0.157346
1.701	0.06	-0.158288
1.701	0.07	-0.159242
1.701	0.08	-0.160206
1.701	0.09	-0.161173
1.701	0.1	-0.162156
1.701	0.11	-0.163145
1.701	0.12	-0.164153
1.701	0.13	-0.165164
1.701	0.14	-0.166183
1.701	0.15	-0.16722
1.701	0.16	-0.168264
1.701	0.17	-0.169319
1.701	0.18	-0.170385
1.701	0.19	-0.171462
1.701	0.2	-0.172553
1.701	0.21	-0.173655
1.701	0.22	-0.174765
1.701	0.23	-0.175893
1.701	0.24	-0.177031
1.701	0.25	-0.178181
1.701	0.26	-0.179341
1.701	0.27	-0.180517
1.701	0.28	-0.181702
1.701	0.29	-0.182907
1.701	0.3	-0.184122
1.701	0.31	-0.185344
1.701	0.32	-0.186588
1.701	0.33	-0.187843
1.701	0.34	-0.189109
1.701	0.35	-0.190394
1.701	0.36	-0.191692
1.701	0.37	-0.193002
1.701	0.38	-0.19433
1.701	0.39	-0.195669
1.701	0.4	-0.197026
1.701	0.41	-0.198401
1.701	0.42	-0.199787
1.701	0.43	-0.201191
1.701	0.44	-0.202606
1.701	0.45	-0.204043
1.701	0.46	-0.205495
1.701	0.47	-0.206961
1.701	0.48	-0.208445
1.701	0.49	-0.209948
1.751	0	-0.148204
1.751	0.01	-0.149055
1.751	0.02	-0.149914
1.751	0.03	-0.15078
1.751	0.04	-0.151653
1.751	0.05	-0.152533
1.751	0.06	-0.153424
1.751	0.07	-0.15433
1.751	0.08	-0.15524
1.751	0.09	-0.156157
1.751	0.1	-0.157088
1.751	0.11	-0.158023
1.751	0.12	-0.158972
1.751	0.13	-0.159929
1.751	0.14	-0.160893
1.751	0.15	-0.161872
1.751	0.16	-0.162861
1.751	0.17	-0.163855
1.751	0.18	-0.164862
1.751	0.19	-0.165881
1.751	0.2	-0.16691
1.751	0.21	-0.167951
1.751	0.22	-0.168999
1.751	0.23	-0.170057
1.751	0.24	-0.171131
1.751	0.25	-0.172215
1.751	0.26	-0.17331
1.751	0.27	-0.174416
1.751	0.28	-0.175532
1.751	0.29	-0.176664
1.751	0.3	-0.177806
1.751	0.31	-0.178963
1.751	0.32	-0.180135
1.751	0.33	-0.181313
1.751	0.34	-0.182506
1.751	0.35	-0.183711
1.751	0.36	-0.184933
1.751	0.37	-0.186166
1.751	0.38	-0.18741
1.751	0.39	-0.188673
1.751	0.4	-0.189946
1.751	0.41	-0.191238
1.751	0.42	-0.19254
1.751	0.43	-0.193857
1.751	0.44	-0.195188
1.751	0.45	-0.196535
1.751	0.46	-0.197895
1.751	0.47	-0.199274
1.751	0.48	-0.200667
1.751	0.49	-0.202075
1.801	0	-0.143875
1.801	0.01	-0.144679
1.801	0.02	-0.145494
1.801	0.03	-0.146316
1.801	0.04	-0.147145
1.801	0.05	-0.147982
1.801	0.06	-0.14883
1.801	0.07	-0.149681
1.801	0.08	-0.150547
1.801	0.09	-0.151416
1.801	0.1	-0.152293
1.801	0.11	-0.153181
1.801	0.12	-0.154079
1.801	0.13	-0.154985
1.801	0.14	-0.155902
1.801	0.15	-0.156826
1.801	0.16	-0.157761
1.801	0.17	-0.158703
1.801	0.18	-0.159653
1.801	0.19	-0.160617
1.801	0.2	-0.161588
1.801	0.21	-0.16257
1.801	0.22	-0.16356
1.801	0.23	-0.164564
1.801	0.24	-0.165575
1.801	0.25	-0.166601
1.801	0.26	-0.167631
1.801	0.27	-0.168679
1.801	0.28	-0.169734
1.801	0.29	-0.170799
1.801	0.3	-0.17188
1.801	0.31	-0.172968
1.801	0.32	-0.174066
1.801	0.33	-0.175183
1.801	0.34	-0.176304
1.801	0.35	-0.177439
1.801	0.36	-0.178588
1.801	0.37	-0.179749
1.801	0.38	-0.180924
1.801	0.39	-0.18211
1.801	0.4	-0.18331
1.801	0.41	-0.184522
1.801	0.42	-0.185748
1.801	0.43	-0.186985
1.801	0.44	-0.18824
1.801	0.45	-0.189506
1.801	0.46	-0.190783
1.801	0.47	-0.192078
1.801	0.48	-0.193384
1.801	0.49	-0.194708
1.851	0	-0.139768
1.851	0.01	-0.140531
1.851	0.02	-0.141303
1.851	0.03	-0.142085
1.851	0.04	-0.142874
1.851	0.05	-0.143667
1.851	0.06	-0.144475
1.851	0.07	-0.145283
1.851	0.08	-0.146101
1.851	0.09	-0.146927
1.851	0.1	-0.147764
1.851	0.11	-0.148604
1.851	0.12	-0.149455
1.851	0.13	-0.150314
1.851	0.14	-0.151183
1.851	0.15	-0.152057
1.851	0.16	-0.152941
1.851	0.17	-0.153836
1.851	0.18	-0.154738
1.851	0.19	-0.155647
1.851	0.2	-0.156568
1.851	0.21	-0.157495
1.851	0.22	-0.158434
1.851	0.23	-0.159383
1.851	0.24	-0.16034
1.851	0.25	-0.161304
1.851	0.26	-0.162287
1.851	0.27	-0.163269
1.851	0.28	-0.164266
1.851	0.29	-0.165273
1.851	0.3	-0.166292
1.851	0.31	-0.167322
1.851	0.32	-0.168362
1.851	0.33	-0.16941
1.851	0.34	-0.170468
1.851	0.35	-0.171545
1.851	0.36	-0.172626
1.851	0.37	-0.173721
1.851	0.38	-0.174827
1.851	0.39	-0.175944
1.851	0.4	-0.177075
1.851	0.41	-0.178217
1.851	0.42	-0.179367
1.851	0.43	-0.180538
1.851	0.44	-0.181717
1.851	0.45	-0.182907
1.851	0.46	-0.184111
1.851	0.47	-0.18533
1.851	0.48	-0.186563
1.851	0.49	-0.187807
1.901	0	-0.13586
1.901	0.01	-0.136588
1.901	0.02	-0.137326
1.901	0.03	-0.138072
1.901	0.04	-0.138818
1.901	0.05	-0.139575
1.901	0.06	-0.140339
1.901	0.07	-0.14111
1.901	0.08	-0.141888
1.901	0.09	-0.142674
1.901	0.1	-0.143467
1.901	0.11	-0.144268
1.901	0.12	-0.145072
1.901	0.13	-0.14589
1.901	0.14	-0.146712
1.901	0.15	-0.147542
1.901	0.16	-0.148382
1.901	0.17	-0.149226
1.901	0.18	-0.150085
1.901	0.19	-0.150947
1.901	0.2	-0.15182
1.901	0.21	-0.152697
1.901	0.22	-0.153588
1.901	0.23	-0.154487
1.901	0.24	-0.155393
1.901	0.25	-0.156309
1.901	0.26	-0.157233
1.901	0.27	-0.158168
1.901	0.28	-0.159111
1.901	0.29	-0.160064
1.901	0.3	-0.161024
1.901	0.31	-0.161999
1.901	0.32	-0.162981
1.901	0.33	-0.163975
1.901	0.34	-0.164975
1.901	0.35	-0.165986
1.901	0.36	-0.167009
1.901	0.37	-0.168046
1.901	0.38	-0.16909
1.901	0.39	-0.170141
1.901	0.4	-0.171207
1.901	0.41	-0.172287
1.901	0.42	-0.173375
1.901	0.43	-0.174474
1.901	0.44	-0.175587
1.901	0.45	-0.176708
1.901	0.46	-0.177846
1.901	0.47	-0.178992
1.901	0.48	-0.180153
1.901	0.49	-0.181324
1.951	0	-0.13215
1.951	0.01	-0.132844
1.951	0.02	-0.133547
1.951	0.03	-0.134252
1.951	0.04	-0.134965
1.951	0.05	-0.135689
1.951	0.06	-0.136413
1.951	0.07	-0.137148
1.951	0.08	-0.137887
1.951	0.09	-0.138636
1.951	0.1	-0.139386
1.951	0.11	-0.140149
1.951	0.12	-0.140917
1.951	0.13	-0.141692
1.951	0.14	-0.142474
1.951	0.15	-0.14326
1.951	0.16	-0.14406
1.951	0.17	-0.144864
1.951	0.18	-0.145676
1.951	0.19	-0.146498
1.951	0.2	-0.14732
1.951	0.21	-0.148157
1.951	0.22	-0.149001
1.951	0.23	-0.149856
1.951	0.24	-0.150714
1.951	0.25	-0.15158
1.951	0.26	-0.152457
1.951	0.27	-0.153341
1.951	0.28	-0.154236
1.951	0.29	-0.155138
1.951	0.3	-0.156051
1.951	0.31	-0.156972
1.951	0.32	-0.157903
1.951	0.33	-0.158841
1.951	0.34	-0.159787
1.951	0.35	-0.160748
1.951	0.36	-0.161715
1.951	0.37	-0.16269
1.951	0.38	-0.16368
1.951	0.39	-0.164677
1.951	0.4	-0.165684
1.951	0.41	-0.166699
1.951	0.42	-0.167729
1.951	0.43	-0.168769
1.951	0.44	-0.169817
1.951	0.45	-0.17088
1.951	0.46	-0.171949
1.951	0.47	-0.17303
1.951	0.48	-0.174128
1.951	0.49	-0.175231
