0.005	0.05	-0.0237989
0.005	0.06	-0.0256243
0.005	0.07	-0.0272408
0.005	0.08	-0.028693
0.005	0.09	-0.0300116
0.005	0.1	-0.0312184
0.005	0.11	-0.0324066
0.005	0.12	-0.0335483
0.005	0.13	-0.0346237
0.005	0.14	-0.0356398
0.005	0.15	-0.0366024
0.005	0.16	-0.0375168
0.005	0.17	-0.0383883
0.005	0.18	-0.0392206
0.005	0.19	-0.0400169
0.005	0.2	-0.04078
0.005	0.21	-0.0415125
0.005	0.22	-0.0422166
0.005	0.23	-0.0428942
0.005	0.24	-0.0435471
0.005	0.25	-0.044177
0.005	0.26	-0.0447973
0.005	0.27	-0.0454419
0.005	0.28	-0.0460719
0.005	0.29	-0.0466862
0.005	0.3	-0.0472845
0.005	0.31	-0.0478676
0.005	0.32	-0.0484363
0.005	0.33	-0.048991
0.005	0.34	-0.0495324
0.005	0.35	-0.0500611
0.005	0.36	-0.0505777
0.005	0.37	-0.0510828
0.005	0.38	-0.0515774
0.005	0.39	-0.0520612
0.005	0.4	-0.0525347
0.005	0.41	-0.0529984
0.005	0.42	-0.0534528
0.005	0.43	-0.053898
0.005	0.44	-0.0543345
0.005	0.45	-0.0547628
0.005	0.46	-0.0551829
0.005	0.47	-0.0555951
0.005	0.48	-0.0559997
0.005	0.49	-0.0563969
0.005	0.5	-0.056787
0.005	0.51	-0.0571702
0.005	0.52	-0.0575468
0.005	0.53	-0.0579168
0.005	0.54	-0.0582806
0.005	0.55	-0.0586383
0.005	0.56	-0.0589901
0.005	0.57	-0.0593361
0.005	0.58	-0.0596766
0.005	0.59	-0.0600116
0.005	0.6	-0.0603415
0.005	0.61	-0.0606661
0.005	0.62	-0.0609936
0.005	0.63	-0.0613368
0.005	0.64	-0.0616793
0.005	0.65	-0.0620177
0.005	0.66	-0.0623534
0.005	0.67	-0.0626849
0.005	0.68	-0.0630122
0.005	0.69	-0.0633355
0.005	0.7	-0.0636557
0.005	0.71	-0.0639721
0.005	0.72	-0.0642846
0.005	0.73	-0.0645934
0.005	0.74	-0.0648986
0.005	0.75	-0.0652002
0.005	0.76	-0.0654985
0.005	0.77	-0.0657936
0.005	0.78	-0.0660854
0.005	0.79	-0.0663741
0.005	0.8	-0.0666599
0.005	0.81	-0.0669426
0.005	0.82	-0.0672224
0.005	0.83	-0.0674992
0.005	0.84	-0.0677732
0.005	0.85	-0.0680442
0.005	0.86	-0.0683126
0.005	0.87	-0.0685782
0.005	0.88	-0.0688412
0.005	0.89	-0.0691014
0.005	0.9	-0.0693591
0.005	0.91	-0.0696141
0.005	0.92	-0.0698666
0.005	0.93	-0.0701166
0.005	0.94	-0.0703642
0.005	0.95	-0.0706094
0.005	0.96	-0.0708523
0.005	0.97	-0.0710929
0.005	0.98	-0.0713312
0.005	0.99	-0.0715673
0.01	0.05	-0.0206434
0.01	0.06	-0.0220676
0.01	0.07	-0.0233547
0.01	0.08	-0.0245738
0.01	0.09	-0.0256807
0.01	0.1	-0.0266941
0.01	0.11	-0.0276279
0.01	0.12	-0.0284933
0.01	0.13	-0.0292989
0.01	0.14	-0.0300518
0.01	0.15	-0.0307578
0.01	0.16	-0.0314327
0.01	0.17	-0.0321258
0.01	0.18	-0.03279
0.01	0.19	-0.0334254
0.01	0.2	-0.0340333
0.01	0.21	-0.0346169
0.01	0.22	-0.0351774
0.01	0.23	-0.0357166
0.01	0.24	-0.0362354
0.01	0.25	-0.0367354
0.01	0.26	-0.0372177
0.01	0.27	-0.0376834
0.01	0.28	-0.0381336
0.01	0.29	-0.0385693
0.01	0.3	-0.0389912
0.01	0.31	-0.0394
0.01	0.32	-0.0397963
0.01	0.33	-0.0401807
0.01	0.34	-0.0405538
0.01	0.35	-0.0409164
0.01	0.36	-0.0412689
0.01	0.37	-0.0416196
0.01	0.38	-0.0419864
0.01	0.39	-0.042348
0.01	0.4	-0.0427024
0.01	0.41	-0.0430499
0.01	0.42	-0.0433901
0.01	0.43	-0.0437232
0.01	0.44	-0.04405
0.01	0.45	-0.0443704
0.01	0.46	-0.0446843
0.01	0.47	-0.044992
0.01	0.48	-0.0452935
0.01	0.49	-0.0455891
0.01	0.5	-0.0458791
0.01	0.51	-0.0461638
0.01	0.52	-0.0464433
0.01	0.53	-0.0467178
0.01	0.54	-0.0469876
0.01	0.55	-0.0472526
0.01	0.56	-0.0475131
0.01	0.57	-0.0477691
0.01	0.58	-0.0480207
0.01	0.59	-0.0482681
0.01	0.6	-0.0485113
0.01	0.61	-0.0487505
0.01	0.62	-0.0489857
0.01	0.63	-0.0492172
0.01	0.64	-0.0494449
0.01	0.65	-0.0496691
0.01	0.66	-0.0498898
0.01	0.67	-0.050107
0.01	0.68	-0.0503209
0.01	0.69	-0.0505315
0.01	0.7	-0.0507389
0.01	0.71	-0.0509433
0.01	0.72	-0.0511446
0.01	0.73	-0.0513432
0.01	0.74	-0.0515389
0.01	0.75	-0.0517317
0.01	0.76	-0.0519218
0.01	0.77	-0.0521091
0.01	0.78	-0.0522939
0.01	0.79	-0.0524762
0.01	0.8	-0.0526559
0.01	0.81	-0.0528331
0.01	0.82	-0.0530079
0.01	0.83	-0.0531817
0.01	0.84	-0.053364
0.01	0.85	-0.0535487
0.01	0.86	-0.053732
0.01	0.87	-0.0539137
0.01	0.88	-0.0540951
0.01	0.89	-0.0542745
0.01	0.9	-0.0544521
0.01	0.91	-0.0546278
0.01	0.92	-0.0548016
0.01	0.93	-0.0549742
0.01	0.94	-0.0551453
0.01	0.95	-0.0553145
0.01	0.96	-0.0554819
0.01	0.97	-0.0556476
0.01	0.98	-0.0558115
0.01	0.99	-0.0559737
0.015	0.05	-0.0186727
0.015	0.06	-0.0199101
0.015	0.07	-0.0209777
0.015	0.08	-0.0220067
0.015	0.09	-0.0229487
0.015	0.1	-0.0238078
0.015	0.11	-0.0245963
0.015	0.12	-0.0253235
0.015	0.13	-0.0259977
0.015	0.14	-0.0266256
0.015	0.15	-0.0272121
0.015	0.16	-0.0277616
0.015	0.17	-0.028302
0.015	0.18	-0.0288455
0.015	0.19	-0.0293651
0.015	0.2	-0.0298619
0.015	0.21	-0.0303374
0.015	0.22	-0.0307922
0.015	0.23	-0.0312282
0.015	0.24	-0.0316469
0.015	0.25	-0.0320498
0.015	0.26	-0.0324375
0.015	0.27	-0.0328109
0.015	0.28	-0.0331708
0.015	0.29	-0.033518
0.015	0.3	-0.0338534
0.015	0.31	-0.0341774
0.015	0.32	-0.0344908
0.015	0.33	-0.0347941
0.015	0.34	-0.0350881
0.015	0.35	-0.0353729
0.015	0.36	-0.0356491
0.015	0.37	-0.035917
0.015	0.38	-0.0361892
0.015	0.39	-0.0364683
0.015	0.4	-0.0367435
0.015	0.41	-0.0370129
0.015	0.42	-0.0372763
0.015	0.43	-0.0375347
0.015	0.44	-0.037787
0.015	0.45	-0.0380337
0.015	0.46	-0.0382749
0.015	0.47	-0.0385108
0.015	0.48	-0.0387418
0.015	0.49	-0.0389684
0.015	0.5	-0.0391906
0.015	0.51	-0.0394082
0.015	0.52	-0.0396212
0.015	0.53	-0.03983
0.015	0.54	-0.0400347
0.015	0.55	-0.0402354
0.015	0.56	-0.0404323
0.015	0.57	-0.0406254
0.015	0.58	-0.040815
0.015	0.59	-0.0410012
0.015	0.6	-0.0411838
0.015	0.61	-0.041363
0.015	0.62	-0.0415391
0.015	0.63	-0.0417119
0.015	0.64	-0.0418817
0.015	0.65	-0.0420487
0.015	0.66	-0.0422127
0.015	0.67	-0.0423741
0.015	0.68	-0.0425327
0.015	0.69	-0.0426887
0.015	0.7	-0.0428421
0.015	0.71	-0.042993
0.015	0.72	-0.0431413
0.015	0.73	-0.0432873
0.015	0.74	-0.0434309
0.015	0.75	-0.0435723
0.015	0.76	-0.0437114
0.015	0.77	-0.0438484
0.015	0.78	-0.0439833
0.015	0.79	-0.0441161
0.015	0.8	-0.0442468
0.015	0.81	-0.0443756
0.015	0.82	-0.0445025
0.015	0.83	-0.0446275
0.015	0.84	-0.0447535
0.015	0.85	-0.0448843
0.015	0.86	-0.0450152
0.015	0.87	-0.0451466
0.015	0.88	-0.0452765
0.015	0.89	-0.0454047
0.015	0.9	-0.045532
0.015	0.91	-0.0456585
0.015	0.92	-0.0457835
0.015	0.93	-0.0459069
0.015	0.94	-0.0460288
0.015	0.95	-0.0461492
0.015	0.96	-0.0462681
0.015	0.97	-0.0463856
0.015	0.98	-0.0465018
0.015	0.99	-0.0466174
0.02	0.05	-0.0171966
0.02	0.06	-0.0183251
0.02	0.07	-0.0193001
0.02	0.08	-0.020156
0.02	0.09	-0.0209156
0.02	0.1	-0.021643
0.02	0.11	-0.0223377
0.02	0.12	-0.0229804
0.02	0.13	-0.0235755
0.02	0.14	-0.0241297
0.02	0.15	-0.0246477
0.02	0.16	-0.0251329
0.02	0.17	-0.0255887
0.02	0.18	-0.0260179
0.02	0.19	-0.0264231
0.02	0.2	-0.0268065
0.02	0.21	-0.0271697
0.02	0.22	-0.0275404
0.02	0.23	-0.027908
0.02	0.24	-0.0282623
0.02	0.25	-0.0286035
0.02	0.26	-0.0289312
0.02	0.27	-0.0292465
0.02	0.28	-0.0295509
0.02	0.29	-0.0298447
0.02	0.3	-0.030128
0.02	0.31	-0.0304016
0.02	0.32	-0.030666
0.02	0.33	-0.0309218
0.02	0.34	-0.0311694
0.02	0.35	-0.0314091
0.02	0.36	-0.0316412
0.02	0.37	-0.0318663
0.02	0.38	-0.0320848
0.02	0.39	-0.0322969
0.02	0.4	-0.0325028
0.02	0.41	-0.0327029
0.02	0.42	-0.0328973
0.02	0.43	-0.0330864
0.02	0.44	-0.0332702
0.02	0.45	-0.0334492
0.02	0.46	-0.0336235
0.02	0.47	-0.0337932
0.02	0.48	-0.0339647
0.02	0.49	-0.0341409
0.02	0.5	-0.0343163
0.02	0.51	-0.0344882
0.02	0.52	-0.0346581
0.02	0.53	-0.0348244
0.02	0.54	-0.0349871
0.02	0.55	-0.0351463
0.02	0.56	-0.0353025
0.02	0.57	-0.0354568
0.02	0.58	-0.035608
0.02	0.59	-0.0357564
0.02	0.6	-0.0359018
0.02	0.61	-0.0360443
0.02	0.62	-0.036184
0.02	0.63	-0.036321
0.02	0.64	-0.0364555
0.02	0.65	-0.0365878
0.02	0.66	-0.0367178
0.02	0.67	-0.0368454
0.02	0.68	-0.0369707
0.02	0.69	-0.0370937
0.02	0.7	-0.0372148
0.02	0.71	-0.0373338
0.02	0.72	-0.0374508
0.02	0.73	-0.0375657
0.02	0.74	-0.0376788
0.02	0.75	-0.03779
0.02	0.76	-0.0378993
0.02	0.77	-0.0380068
0.02	0.78	-0.0381126
0.02	0.79	-0.0382166
0.02	0.8	-0.0383191
0.02	0.81	-0.03842
0.02	0.82	-0.0385192
0.02	0.83	-0.038617
0.02	0.84	-0.0387132
0.02	0.85	-0.0388078
0.02	0.86	-0.038901
0.02	0.87	-0.0389928
0.02	0.88	-0.0390831
0.02	0.89	-0.0391721
0.02	0.9	-0.0392598
0.02	0.91	-0.0393462
0.02	0.92	-0.0394314
0.02	0.93	-0.0395153
0.02	0.94	-0.039598
0.02	0.95	-0.0396796
0.02	0.96	-0.0397599
0.02	0.97	-0.039839
0.02	0.98	-0.039917
0.02	0.99	-0.0399939
0.025	0.05	-0.0160437
0.025	0.06	-0.0169914
0.025	0.07	-0.0178873
0.025	0.08	-0.0186825
0.025	0.09	-0.0193912
0.025	0.1	-0.0200292
0.025	0.11	-0.020607
0.025	0.12	-0.0211336
0.025	0.13	-0.0216163
0.025	0.14	-0.0220751
0.025	0.15	-0.0225352
0.025	0.16	-0.02297
0.025	0.17	-0.023379
0.025	0.18	-0.0237651
0.025	0.19	-0.0241305
0.025	0.2	-0.0244763
0.025	0.21	-0.0248043
0.025	0.22	-0.0251162
0.025	0.23	-0.0254127
0.025	0.24	-0.0256953
0.025	0.25	-0.0259652
0.025	0.26	-0.026223
0.025	0.27	-0.0264696
0.025	0.28	-0.0267056
0.025	0.29	-0.0269319
0.025	0.3	-0.027149
0.025	0.31	-0.0273642
0.025	0.32	-0.0275856
0.025	0.33	-0.027802
0.025	0.34	-0.0280131
0.025	0.35	-0.0282172
0.025	0.36	-0.0284149
0.025	0.37	-0.0286081
0.025	0.38	-0.0287955
0.025	0.39	-0.0289773
0.025	0.4	-0.0291535
0.025	0.41	-0.0293247
0.025	0.42	-0.0294911
0.025	0.43	-0.0296531
0.025	0.44	-0.0298106
0.025	0.45	-0.0299639
0.025	0.46	-0.0301132
0.025	0.47	-0.0302586
0.025	0.48	-0.0304002
0.025	0.49	-0.0305382
0.025	0.5	-0.0306728
0.025	0.51	-0.0308039
0.025	0.52	-0.030932
0.025	0.53	-0.0310569
0.025	0.54	-0.0311789
0.025	0.55	-0.0312979
0.025	0.56	-0.031414
0.025	0.57	-0.0315273
0.025	0.58	-0.0316382
0.025	0.59	-0.0317465
0.025	0.6	-0.0318523
0.025	0.61	-0.0319559
0.025	0.62	-0.0320571
0.025	0.63	-0.0321561
0.025	0.64	-0.0322529
0.025	0.65	-0.0323475
0.025	0.66	-0.0324401
0.025	0.67	-0.0325307
0.025	0.68	-0.0326194
0.025	0.69	-0.0327063
0.025	0.7	-0.0327973
0.025	0.71	-0.0328879
0.025	0.72	-0.032978
0.025	0.73	-0.0330683
0.025	0.74	-0.0331571
0.025	0.75	-0.0332444
0.025	0.76	-0.03333
0.025	0.77	-0.0334145
0.025	0.78	-0.0334983
0.025	0.79	-0.0335807
0.025	0.8	-0.0336617
0.025	0.81	-0.0337413
0.025	0.82	-0.0338195
0.025	0.83	-0.0338965
0.025	0.84	-0.0339723
0.025	0.85	-0.034047
0.025	0.86	-0.0341204
0.025	0.87	-0.0341925
0.025	0.88	-0.0342635
0.025	0.89	-0.0343334
0.025	0.9	-0.0344026
0.025	0.91	-0.0344707
0.025	0.92	-0.0345378
0.025	0.93	-0.0346039
0.025	0.94	-0.0346689
0.025	0.95	-0.0347329
0.025	0.96	-0.0347959
0.025	0.97	-0.0348579
0.025	0.98	-0.034919
0.025	0.99	-0.0349792
0.03	0.05	-0.0150738
0.03	0.06	-0.0159869
0.03	0.07	-0.016768
0.03	0.08	-0.017446
0.03	0.09	-0.0180419
0.03	0.1	-0.0185969
0.03	0.11	-0.0191336
0.03	0.12	-0.0196257
0.03	0.13	-0.0200794
0.03	0.14	-0.0204986
0.03	0.15	-0.0208874
0.03	0.16	-0.0212491
0.03	0.17	-0.0215866
0.03	0.18	-0.0219027
0.03	0.19	-0.0221991
0.03	0.2	-0.0224777
0.03	0.21	-0.0227402
0.03	0.22	-0.0230028
0.03	0.23	-0.0232652
0.03	0.24	-0.0235177
0.03	0.25	-0.0237585
0.03	0.26	-0.0239906
0.03	0.27	-0.0242129
0.03	0.28	-0.0244257
0.03	0.29	-0.0246298
0.03	0.3	-0.024826
0.03	0.31	-0.0250145
0.03	0.32	-0.0251961
0.03	0.33	-0.0253708
0.03	0.34	-0.0255392
0.03	0.35	-0.0257015
0.03	0.36	-0.0258581
0.03	0.37	-0.0260093
0.03	0.38	-0.0261554
0.03	0.39	-0.0262964
0.03	0.4	-0.0264327
0.03	0.41	-0.0265647
0.03	0.42	-0.0266923
0.03	0.43	-0.026816
0.03	0.44	-0.0269358
0.03	0.45	-0.0270517
0.03	0.46	-0.0271641
0.03	0.47	-0.027273
0.03	0.48	-0.0273787
0.03	0.49	-0.0274877
0.03	0.5	-0.0275962
0.03	0.51	-0.0277053
0.03	0.52	-0.0278118
0.03	0.53	-0.0279156
0.03	0.54	-0.0280175
0.03	0.55	-0.0281175
0.03	0.56	-0.0282152
0.03	0.57	-0.0283104
0.03	0.58	-0.0284034
0.03	0.59	-0.0284945
0.03	0.6	-0.0285834
0.03	0.61	-0.0286702
0.03	0.62	-0.028755
0.03	0.63	-0.0288384
0.03	0.64	-0.0289199
0.03	0.65	-0.0289998
0.03	0.66	-0.0290778
0.03	0.67	-0.0291541
0.03	0.68	-0.0292287
0.03	0.69	-0.0293018
0.03	0.7	-0.0293734
0.03	0.71	-0.0294437
0.03	0.72	-0.0295126
0.03	0.73	-0.02958
0.03	0.74	-0.029646
0.03	0.75	-0.0297106
0.03	0.76	-0.0297739
0.03	0.77	-0.0298359
0.03	0.78	-0.0298966
0.03	0.79	-0.0299563
0.03	0.8	-0.0300147
0.03	0.81	-0.030072
0.03	0.82	-0.0301282
0.03	0.83	-0.0301834
0.03	0.84	-0.0302374
0.03	0.85	-0.0302904
0.03	0.86	-0.0303425
0.03	0.87	-0.0303935
0.03	0.88	-0.0304436
0.03	0.89	-0.0304928
0.03	0.9	-0.0305412
0.03	0.91	-0.0305886
0.03	0.92	-0.0306352
0.03	0.93	-0.030681
0.03	0.94	-0.0307259
0.03	0.95	-0.03077
0.03	0.96	-0.0308132
0.03	0.97	-0.0308558
0.03	0.98	-0.0308976
0.03	0.99	-0.0309387
0.035	0.05	-0.0142721
0.035	0.06	-0.0150685
0.035	0.07	-0.0157392
0.035	0.08	-0.0163805
0.035	0.09	-0.0169541
0.035	0.1	-0.0174681
0.035	0.11	-0.0179311
0.035	0.12	-0.0183508
0.035	0.13	-0.0187336
0.035	0.14	-0.0190841
0.035	0.15	-0.0194065
0.035	0.16	-0.0197108
0.035	0.17	-0.0200188
0.035	0.18	-0.0203107
0.035	0.19	-0.020586
0.035	0.2	-0.0208465
0.035	0.21	-0.0210921
0.035	0.22	-0.0213247
0.035	0.23	-0.021545
0.035	0.24	-0.0217544
0.035	0.25	-0.0219533
0.035	0.26	-0.0221425
0.035	0.27	-0.022323
0.035	0.28	-0.022495
0.035	0.29	-0.0226592
0.035	0.3	-0.022816
0.035	0.31	-0.0229661
0.035	0.32	-0.0231098
0.035	0.33	-0.0232473
0.035	0.34	-0.0233791
0.035	0.35	-0.0235055
0.035	0.36	-0.0236311
0.035	0.37	-0.0237587
0.035	0.38	-0.0238853
0.035	0.39	-0.0240078
0.035	0.4	-0.0241269
0.035	0.41	-0.0242428
0.035	0.42	-0.024355
0.035	0.43	-0.0244635
0.035	0.44	-0.0245689
0.035	0.45	-0.024671
0.035	0.46	-0.0247699
0.035	0.47	-0.0248664
0.035	0.48	-0.0249601
0.035	0.49	-0.0250509
0.035	0.5	-0.0251391
0.035	0.51	-0.0252247
0.035	0.52	-0.0253081
0.035	0.53	-0.0253893
0.035	0.54	-0.0254682
0.035	0.55	-0.0255448
0.035	0.56	-0.0256193
0.035	0.57	-0.0256918
0.035	0.58	-0.0257624
0.035	0.59	-0.0258311
0.035	0.6	-0.025898
0.035	0.61	-0.0259632
0.035	0.62	-0.0260267
0.035	0.63	-0.0260886
0.035	0.64	-0.0261488
0.035	0.65	-0.0262076
0.035	0.66	-0.026265
0.035	0.67	-0.026321
0.035	0.68	-0.0263756
0.035	0.69	-0.0264288
0.035	0.7	-0.0264808
0.035	0.71	-0.0265314
0.035	0.72	-0.026581
0.035	0.73	-0.0266293
0.035	0.74	-0.0266765
0.035	0.75	-0.0267226
0.035	0.76	-0.0267677
0.035	0.77	-0.0268117
0.035	0.78	-0.0268546
0.035	0.79	-0.0268966
0.035	0.8	-0.0269375
0.035	0.81	-0.0269775
0.035	0.82	-0.0270166
0.035	0.83	-0.0270548
0.035	0.84	-0.0270931
0.035	0.85	-0.0271333
0.035	0.86	-0.0271727
0.035	0.87	-0.0272112
0.035	0.88	-0.027249
0.035	0.89	-0.0272865
0.035	0.9	-0.0273241
0.035	0.91	-0.0273611
0.035	0.92	-0.0273973
0.035	0.93	-0.0274328
0.035	0.94	-0.0274676
0.035	0.95	-0.0275017
0.035	0.96	-0.0275352
0.035	0.97	-0.027568
0.035	0.98	-0.0276002
0.035	0.99	-0.0276317
0.04	0.05	-0.0135253
0.04	0.06	-0.0142642
0.04	0.07	-0.0149233
0.04	0.08	-0.0154948
0.04	0.09	-0.0159954
0.04	0.1	-0.0164383
0.04	0.11	-0.0168335
0.04	0.12	-0.0171884
0.04	0.13	-0.0175417
0.04	0.14	-0.017874
0.04	0.15	-0.0181827
0.04	0.16	-0.018469
0.04	0.17	-0.0187353
0.04	0.18	-0.0189838
0.04	0.19	-0.0192163
0.04	0.2	-0.019434
0.04	0.21	-0.0196387
0.04	0.22	-0.0198311
0.04	0.23	-0.0200123
0.04	0.24	-0.0201833
0.04	0.25	-0.020345
0.04	0.26	-0.0204978
0.04	0.27	-0.0206425
0.04	0.28	-0.0207878
0.04	0.29	-0.0209335
0.04	0.3	-0.0210741
0.04	0.31	-0.0212099
0.04	0.32	-0.0213404
0.04	0.33	-0.0214655
0.04	0.34	-0.0215858
0.04	0.35	-0.0217011
0.04	0.36	-0.0218124
0.04	0.37	-0.0219196
0.04	0.38	-0.0220227
0.04	0.39	-0.0221218
0.04	0.4	-0.0222175
0.04	0.41	-0.02231
0.04	0.42	-0.022399
0.04	0.43	-0.0224848
0.04	0.44	-0.0225675
0.04	0.45	-0.0226475
0.04	0.46	-0.0227247
0.04	0.47	-0.0227994
0.04	0.48	-0.0228715
0.04	0.49	-0.0229412
0.04	0.5	-0.0230087
0.04	0.51	-0.0230741
0.04	0.52	-0.0231373
0.04	0.53	-0.0231986
0.04	0.54	-0.023258
0.04	0.55	-0.0233154
0.04	0.56	-0.0233712
0.04	0.57	-0.0234253
0.04	0.58	-0.0234777
0.04	0.59	-0.0235286
0.04	0.6	-0.0235779
0.04	0.61	-0.0236256
0.04	0.62	-0.023672
0.04	0.63	-0.023717
0.04	0.64	-0.0237606
0.04	0.65	-0.0238059
0.04	0.66	-0.0238513
0.04	0.67	-0.0238954
0.04	0.68	-0.0239384
0.04	0.69	-0.0239817
0.04	0.7	-0.0240241
0.04	0.71	-0.0240654
0.04	0.72	-0.0241057
0.04	0.73	-0.024145
0.04	0.74	-0.0241832
0.04	0.75	-0.0242205
0.04	0.76	-0.0242568
0.04	0.77	-0.0242926
0.04	0.78	-0.0243277
0.04	0.79	-0.0243618
0.04	0.8	-0.0243952
0.04	0.81	-0.0244278
0.04	0.82	-0.0244598
0.04	0.83	-0.024491
0.04	0.84	-0.0245214
0.04	0.85	-0.0245511
0.04	0.86	-0.0245801
0.04	0.87	-0.0246084
0.04	0.88	-0.024636
0.04	0.89	-0.024663
0.04	0.9	-0.0246894
0.04	0.91	-0.0247151
0.04	0.92	-0.0247403
0.04	0.93	-0.0247648
0.04	0.94	-0.0247888
0.04	0.95	-0.0248122
0.04	0.96	-0.024835
0.04	0.97	-0.0248574
0.04	0.98	-0.0248791
0.04	0.99	-0.0249004
0.045	0.05	-0.0128953
0.045	0.06	-0.0135908
0.045	0.07	-0.0141762
0.045	0.08	-0.0146767
0.045	0.09	-0.0151105
0.045	0.1	-0.015507
0.045	0.11	-0.0158879
0.045	0.12	-0.016235
0.045	0.13	-0.0165506
0.045	0.14	-0.0168394
0.045	0.15	-0.0171046
0.045	0.16	-0.0173489
0.045	0.17	-0.0175747
0.045	0.18	-0.0177838
0.045	0.19	-0.0179781
0.045	0.2	-0.018159
0.045	0.21	-0.0183275
0.045	0.22	-0.0184901
0.045	0.23	-0.0186543
0.045	0.24	-0.0188116
0.045	0.25	-0.0189623
0.045	0.26	-0.0191051
0.045	0.27	-0.0192409
0.045	0.28	-0.0193698
0.045	0.29	-0.0194931
0.045	0.3	-0.0196104
0.045	0.31	-0.0197222
0.045	0.32	-0.0198291
0.045	0.33	-0.0199312
0.045	0.34	-0.0200287
0.045	0.35	-0.0201218
0.045	0.36	-0.0202109
0.045	0.37	-0.0202963
0.045	0.38	-0.0203781
0.045	0.39	-0.0204564
0.045	0.4	-0.0205316
0.045	0.41	-0.0206039
0.045	0.42	-0.0206732
0.045	0.43	-0.0207398
0.045	0.44	-0.0208038
0.045	0.45	-0.0208654
0.045	0.46	-0.0209247
0.045	0.47	-0.0209817
0.045	0.48	-0.0210365
0.045	0.49	-0.0210892
0.045	0.5	-0.0211399
0.045	0.51	-0.0211891
0.045	0.52	-0.021241
0.045	0.53	-0.0212911
0.045	0.54	-0.0213397
0.045	0.55	-0.0213883
0.045	0.56	-0.0214355
0.045	0.57	-0.0214811
0.045	0.58	-0.0215253
0.045	0.59	-0.0215681
0.045	0.6	-0.0216095
0.045	0.61	-0.0216499
0.045	0.62	-0.0216894
0.045	0.63	-0.0217275
0.045	0.64	-0.0217646
0.045	0.65	-0.0218008
0.045	0.66	-0.0218358
0.045	0.67	-0.0218698
0.045	0.68	-0.0219027
0.045	0.69	-0.0219347
0.045	0.7	-0.0219657
0.045	0.71	-0.0219959
0.045	0.72	-0.0220252
0.045	0.73	-0.0220535
0.045	0.74	-0.022081
0.045	0.75	-0.0221078
0.045	0.76	-0.0221337
0.045	0.77	-0.0221589
0.045	0.78	-0.0221833
0.045	0.79	-0.0222071
0.045	0.8	-0.0222303
0.045	0.81	-0.0222529
0.045	0.82	-0.0222748
0.045	0.83	-0.0222961
0.045	0.84	-0.0223167
0.045	0.85	-0.0223367
0.045	0.86	-0.0223562
0.045	0.87	-0.0223751
0.045	0.88	-0.0223934
0.045	0.89	-0.0224112
0.045	0.9	-0.0224285
0.045	0.91	-0.0224453
0.045	0.92	-0.0224616
0.045	0.93	-0.0224774
0.045	0.94	-0.0224928
0.045	0.95	-0.0225078
0.045	0.96	-0.0225223
0.045	0.97	-0.0225363
0.045	0.98	-0.02255
0.045	0.99	-0.0225632
0.05	0.05	-0.0123406
0.05	0.06	-0.0129631
0.05	0.07	-0.01348
0.05	0.08	-0.0139268
0.05	0.09	-0.0143512
0.05	0.1	-0.0147299
0.05	0.11	-0.0150673
0.05	0.12	-0.0153705
0.05	0.13	-0.0156444
0.05	0.14	-0.015893
0.05	0.15	-0.0161193
0.05	0.16	-0.0163263
0.05	0.17	-0.0165161
0.05	0.18	-0.0166974
0.05	0.19	-0.0168785
0.05	0.2	-0.0170495
0.05	0.21	-0.0172105
0.05	0.22	-0.0173616
0.05	0.23	-0.0175036
0.05	0.24	-0.0176378
0.05	0.25	-0.017764
0.05	0.26	-0.0178834
0.05	0.27	-0.0179963
0.05	0.28	-0.0181028
0.05	0.29	-0.0182037
0.05	0.3	-0.0182994
0.05	0.31	-0.0183901
0.05	0.32	-0.0184762
0.05	0.33	-0.0185581
0.05	0.34	-0.018636
0.05	0.35	-0.0187102
0.05	0.36	-0.0187808
0.05	0.37	-0.0188481
0.05	0.38	-0.0189123
0.05	0.39	-0.0189735
0.05	0.4	-0.0190318
0.05	0.41	-0.0190875
0.05	0.42	-0.0191442
0.05	0.43	-0.0192003
0.05	0.44	-0.0192545
0.05	0.45	-0.0193082
0.05	0.46	-0.0193597
0.05	0.47	-0.0194093
0.05	0.48	-0.0194569
0.05	0.49	-0.0195027
0.05	0.5	-0.0195473
0.05	0.51	-0.0195902
0.05	0.52	-0.0196316
0.05	0.53	-0.0196716
0.05	0.54	-0.0197102
0.05	0.55	-0.0197473
0.05	0.56	-0.019783
0.05	0.57	-0.0198175
0.05	0.58	-0.0198508
0.05	0.59	-0.0198828
0.05	0.6	-0.0199137
0.05	0.61	-0.0199434
0.05	0.62	-0.0199721
0.05	0.63	-0.0199997
0.05	0.64	-0.0200264
0.05	0.65	-0.0200523
0.05	0.66	-0.0200774
0.05	0.67	-0.0201015
0.05	0.68	-0.0201247
0.05	0.69	-0.0201471
0.05	0.7	-0.0201687
0.05	0.71	-0.0201896
0.05	0.72	-0.0202097
0.05	0.73	-0.0202291
0.05	0.74	-0.0202477
0.05	0.75	-0.0202658
0.05	0.76	-0.0202832
0.05	0.77	-0.0203
0.05	0.78	-0.0203162
0.05	0.79	-0.0203318
0.05	0.8	-0.0203468
0.05	0.81	-0.0203613
0.05	0.82	-0.0203752
0.05	0.83	-0.0203886
0.05	0.84	-0.0204015
0.05	0.85	-0.0204139
0.05	0.86	-0.0204259
0.05	0.87	-0.0204374
0.05	0.88	-0.0204484
0.05	0.89	-0.020459
0.05	0.9	-0.0204692
0.05	0.91	-0.0204791
0.05	0.92	-0.0204886
0.05	0.93	-0.0204977
0.05	0.94	-0.0205064
0.05	0.95	-0.0205147
0.05	0.96	-0.0205227
0.05	0.97	-0.0205303
0.05	0.98	-0.0205377
0.05	0.99	-0.0205446
0.055	0.05	-0.0118198
0.055	0.06	-0.0123749
0.055	0.07	-0.0128592
0.055	0.08	-0.0132975
0.055	0.09	-0.0136788
0.055	0.1	-0.0140135
0.055	0.11	-0.0143096
0.055	0.12	-0.0145733
0.055	0.13	-0.0148095
0.055	0.14	-0.0150219
0.055	0.15	-0.0152217
0.055	0.16	-0.0154189
0.055	0.17	-0.0156027
0.055	0.18	-0.0157729
0.055	0.19	-0.0159307
0.055	0.2	-0.016078
0.055	0.21	-0.0162149
0.055	0.22	-0.0163431
0.055	0.23	-0.0164626
0.055	0.24	-0.0165744
0.055	0.25	-0.0166793
0.055	0.26	-0.0167776
0.055	0.27	-0.01687
0.055	0.28	-0.0169571
0.055	0.29	-0.0170391
0.055	0.3	-0.0171164
0.055	0.31	-0.0171894
0.055	0.32	-0.0172583
0.055	0.33	-0.0173233
0.055	0.34	-0.0173847
0.055	0.35	-0.0174475
0.055	0.36	-0.0175083
0.055	0.37	-0.0175678
0.055	0.38	-0.0176251
0.055	0.39	-0.0176797
0.055	0.4	-0.0177318
0.055	0.41	-0.0177817
0.055	0.42	-0.0178296
0.055	0.43	-0.0178755
0.055	0.44	-0.0179196
0.055	0.45	-0.0179617
0.055	0.46	-0.0180019
0.055	0.47	-0.0180404
0.055	0.48	-0.0180772
0.055	0.49	-0.0181124
0.055	0.5	-0.0181461
0.055	0.51	-0.0181783
0.055	0.52	-0.0182091
0.055	0.53	-0.0182386
0.055	0.54	-0.0182671
0.055	0.55	-0.0182944
0.055	0.56	-0.0183205
0.055	0.57	-0.0183454
0.055	0.58	-0.0183693
0.055	0.59	-0.0183921
0.055	0.6	-0.018414
0.055	0.61	-0.0184349
0.055	0.62	-0.018455
0.055	0.63	-0.0184743
0.055	0.64	-0.0184927
0.055	0.65	-0.0185103
0.055	0.66	-0.0185271
0.055	0.67	-0.0185431
0.055	0.68	-0.0185585
0.055	0.69	-0.0185732
0.055	0.7	-0.0185872
0.055	0.71	-0.0186006
0.055	0.72	-0.0186133
0.055	0.73	-0.0186255
0.055	0.74	-0.0186371
0.055	0.75	-0.0186481
0.055	0.76	-0.0186587
0.055	0.77	-0.0186688
0.055	0.78	-0.0186784
0.055	0.79	-0.0186875
0.055	0.8	-0.0186961
0.055	0.81	-0.0187043
0.055	0.82	-0.0187121
0.055	0.83	-0.0187194
0.055	0.84	-0.0187264
0.055	0.85	-0.0187329
0.055	0.86	-0.0187391
0.055	0.87	-0.018745
0.055	0.88	-0.0187504
0.055	0.89	-0.0187556
0.055	0.9	-0.0187608
0.055	0.91	-0.0187664
0.055	0.92	-0.0187718
0.055	0.93	-0.0187768
0.055	0.94	-0.0187816
0.055	0.95	-0.018786
0.055	0.96	-0.0187901
0.055	0.97	-0.018794
0.055	0.98	-0.0187975
0.055	0.99	-0.0188008
0.06	0.05	-0.011329
0.06	0.06	-0.0118566
0.06	0.07	-0.0123201
0.06	0.08	-0.0127141
0.06	0.09	-0.0130532
0.06	0.1	-0.0133481
0.06	0.11	-0.0136066
0.06	0.12	-0.0138346
0.06	0.13	-0.0140537
0.06	0.14	-0.0142609
0.06	0.15	-0.0144505
0.06	0.16	-0.014624
0.06	0.17	-0.0147835
0.06	0.18	-0.0149301
0.06	0.19	-0.0150654
0.06	0.2	-0.0151902
0.06	0.21	-0.0153057
0.06	0.22	-0.0154128
0.06	0.23	-0.0155123
0.06	0.24	-0.015605
0.06	0.25	-0.0156913
0.06	0.26	-0.015772
0.06	0.27	-0.0158473
0.06	0.28	-0.0159176
0.06	0.29	-0.0159847
0.06	0.3	-0.0160527
0.06	0.31	-0.0161179
0.06	0.32	-0.0161807
0.06	0.33	-0.0162401
0.06	0.34	-0.0162961
0.06	0.35	-0.0163497
0.06	0.36	-0.0164005
0.06	0.37	-0.0164489
0.06	0.38	-0.0164948
0.06	0.39	-0.0165382
0.06	0.4	-0.0165795
0.06	0.41	-0.0166186
0.06	0.42	-0.0166557
0.06	0.43	-0.0166909
0.06	0.44	-0.0167243
0.06	0.45	-0.0167561
0.06	0.46	-0.0167865
0.06	0.47	-0.0168154
0.06	0.48	-0.0168427
0.06	0.49	-0.0168687
0.06	0.5	-0.0168933
0.06	0.51	-0.0169167
0.06	0.52	-0.0169389
0.06	0.53	-0.0169601
0.06	0.54	-0.0169801
0.06	0.55	-0.0169992
0.06	0.56	-0.0170172
0.06	0.57	-0.0170342
0.06	0.58	-0.0170504
0.06	0.59	-0.0170658
0.06	0.6	-0.0170803
0.06	0.61	-0.017094
0.06	0.62	-0.0171069
0.06	0.63	-0.0171192
0.06	0.64	-0.0171308
0.06	0.65	-0.0171417
0.06	0.66	-0.0171521
0.06	0.67	-0.0171617
0.06	0.68	-0.0171709
0.06	0.69	-0.0171794
0.06	0.7	-0.0171874
0.06	0.71	-0.0171949
0.06	0.72	-0.0172019
0.06	0.73	-0.0172085
0.06	0.74	-0.0172145
0.06	0.75	-0.0172201
0.06	0.76	-0.017226
0.06	0.77	-0.0172321
0.06	0.78	-0.0172378
0.06	0.79	-0.017243
0.06	0.8	-0.0172479
0.06	0.81	-0.0172524
0.06	0.82	-0.0172565
0.06	0.83	-0.0172603
0.06	0.84	-0.0172637
0.06	0.85	-0.0172673
0.06	0.86	-0.0172706
0.06	0.87	-0.0172736
0.06	0.88	-0.0172763
0.06	0.89	-0.0172787
0.06	0.9	-0.0172807
0.06	0.91	-0.0172825
0.06	0.92	-0.0172841
0.06	0.93	-0.0172853
0.06	0.94	-0.0172864
0.06	0.95	-0.0172872
0.06	0.96	-0.0172877
0.06	0.97	-0.0172881
0.06	0.98	-0.0172882
0.06	0.99	-0.0172881
0.065	0.05	-0.0108893
0.065	0.06	-0.0113964
0.065	0.07	-0.0118159
0.065	0.08	-0.0121686
0.065	0.09	-0.012469
0.065	0.1	-0.0127276
0.065	0.11	-0.0129651
0.065	0.12	-0.0131901
0.065	0.13	-0.0133929
0.065	0.14	-0.0135759
0.065	0.15	-0.0137416
0.065	0.16	-0.0138924
0.065	0.17	-0.0140294
0.065	0.18	-0.0141546
0.065	0.19	-0.0142691
0.065	0.2	-0.0143743
0.065	0.21	-0.0144711
0.065	0.22	-0.0145604
0.065	0.23	-0.0146428
0.065	0.24	-0.0147188
0.065	0.25	-0.0147922
0.065	0.26	-0.0148642
0.065	0.27	-0.014934
0.065	0.28	-0.0149993
0.065	0.29	-0.0150604
0.065	0.3	-0.0151183
0.065	0.31	-0.0151727
0.065	0.32	-0.0152241
0.065	0.33	-0.0152723
0.065	0.34	-0.0153176
0.065	0.35	-0.0153602
0.065	0.36	-0.0154003
0.065	0.37	-0.0154379
0.065	0.38	-0.0154733
0.065	0.39	-0.0155069
0.065	0.4	-0.0155385
0.065	0.41	-0.0155683
0.065	0.42	-0.0155962
0.065	0.43	-0.0156226
0.065	0.44	-0.0156473
0.065	0.45	-0.0156707
0.065	0.46	-0.0156927
0.065	0.47	-0.0157133
0.065	0.48	-0.0157327
0.065	0.49	-0.0157509
0.065	0.5	-0.015768
0.065	0.51	-0.015784
0.065	0.52	-0.015799
0.065	0.53	-0.015813
0.065	0.54	-0.0158262
0.065	0.55	-0.0158386
0.065	0.56	-0.0158501
0.065	0.57	-0.0158608
0.065	0.58	-0.0158708
0.065	0.59	-0.01588
0.065	0.6	-0.0158886
0.065	0.61	-0.0158965
0.065	0.62	-0.0159038
0.065	0.63	-0.0159106
0.065	0.64	-0.0159167
0.065	0.65	-0.0159232
0.065	0.66	-0.0159297
0.065	0.67	-0.0159357
0.065	0.68	-0.0159411
0.065	0.69	-0.0159461
0.065	0.7	-0.0159506
0.065	0.71	-0.0159547
0.065	0.72	-0.0159585
0.065	0.73	-0.0159622
0.065	0.74	-0.0159656
0.065	0.75	-0.0159686
0.065	0.76	-0.0159712
0.065	0.77	-0.0159734
0.065	0.78	-0.0159753
0.065	0.79	-0.0159769
0.065	0.8	-0.0159781
0.065	0.81	-0.015979
0.065	0.82	-0.0159796
0.065	0.83	-0.01598
0.065	0.84	-0.01598
0.065	0.85	-0.0159798
0.065	0.86	-0.0159793
0.065	0.87	-0.0159786
0.065	0.88	-0.0159776
0.065	0.89	-0.0159764
0.065	0.9	-0.0159751
0.065	0.91	-0.0159735
0.065	0.92	-0.0159718
0.065	0.93	-0.0159699
0.065	0.94	-0.0159677
0.065	0.95	-0.0159654
0.065	0.96	-0.0159629
0.065	0.97	-0.0159603
0.065	0.98	-0.0159574
0.065	0.99	-0.0159544
0.07	0.05	-0.0105009
0.07	0.06	-0.0109638
0.07	0.07	-0.0113421
0.07	0.08	-0.0116566
0.07	0.09	-0.011922
0.07	0.1	-0.0121748
0.07	0.11	-0.0124015
0.07	0.12	-0.0126022
0.07	0.13	-0.0127812
0.07	0.14	-0.0129415
0.07	0.15	-0.0130852
0.07	0.16	-0.0132147
0.07	0.17	-0.0133318
0.07	0.18	-0.0134381
0.07	0.19	-0.0135349
0.07	0.2	-0.0136231
0.07	0.21	-0.0137034
0.07	0.22	-0.0137829
0.07	0.23	-0.0138591
0.07	0.24	-0.0139309
0.07	0.25	-0.0139973
0.07	0.26	-0.0140595
0.07	0.27	-0.0141175
0.07	0.28	-0.0141717
0.07	0.29	-0.014222
0.07	0.3	-0.0142689
0.07	0.31	-0.0143125
0.07	0.32	-0.0143531
0.07	0.33	-0.014391
0.07	0.34	-0.0144266
0.07	0.35	-0.0144597
0.07	0.36	-0.0144906
0.07	0.37	-0.0145193
0.07	0.38	-0.0145461
0.07	0.39	-0.0145712
0.07	0.4	-0.0145945
0.07	0.41	-0.0146162
0.07	0.42	-0.0146364
0.07	0.43	-0.0146551
0.07	0.44	-0.0146726
0.07	0.45	-0.0146887
0.07	0.46	-0.0147036
0.07	0.47	-0.0147175
0.07	0.48	-0.0147304
0.07	0.49	-0.0147422
0.07	0.5	-0.0147531
0.07	0.51	-0.0147631
0.07	0.52	-0.0147723
0.07	0.53	-0.0147806
0.07	0.54	-0.0147882
0.07	0.55	-0.0147951
0.07	0.56	-0.0148019
0.07	0.57	-0.014809
0.07	0.58	-0.0148154
0.07	0.59	-0.0148211
0.07	0.6	-0.0148263
0.07	0.61	-0.0148309
0.07	0.62	-0.014835
0.07	0.63	-0.0148391
0.07	0.64	-0.0148428
0.07	0.65	-0.0148459
0.07	0.66	-0.0148486
0.07	0.67	-0.0148508
0.07	0.68	-0.0148526
0.07	0.69	-0.014854
0.07	0.7	-0.014855
0.07	0.71	-0.0148556
0.07	0.72	-0.0148559
0.07	0.73	-0.0148558
0.07	0.74	-0.0148554
0.07	0.75	-0.0148547
0.07	0.76	-0.0148537
0.07	0.77	-0.0148524
0.07	0.78	-0.0148509
0.07	0.79	-0.0148491
0.07	0.8	-0.0148472
0.07	0.81	-0.014845
0.07	0.82	-0.0148425
0.07	0.83	-0.0148398
0.07	0.84	-0.0148369
0.07	0.85	-0.0148338
0.07	0.86	-0.0148305
0.07	0.87	-0.014827
0.07	0.88	-0.0148233
0.07	0.89	-0.0148195
0.07	0.9	-0.0148154
0.07	0.91	-0.0148113
0.07	0.92	-0.0148069
0.07	0.93	-0.0148024
0.07	0.94	-0.0147977
0.07	0.95	-0.0147929
0.07	0.96	-0.014788
0.07	0.97	-0.0147829
0.07	0.98	-0.0147778
0.07	0.99	-0.0147725
0.075	0.05	-0.0101343
0.075	0.06	-0.0105554
0.075	0.07	-0.0108955
0.075	0.08	-0.0111787
0.075	0.09	-0.0114434
0.075	0.1	-0.0116747
0.075	0.11	-0.011877
0.075	0.12	-0.0120548
0.075	0.13	-0.0122116
0.075	0.14	-0.0123507
0.075	0.15	-0.0124747
0.075	0.16	-0.0125858
0.075	0.17	-0.0126855
0.075	0.18	-0.0127752
0.075	0.19	-0.0128602
0.075	0.2	-0.0129424
0.075	0.21	-0.0130193
0.075	0.22	-0.0130897
0.075	0.23	-0.0131551
0.075	0.24	-0.0132155
0.075	0.25	-0.013271
0.075	0.26	-0.0133222
0.075	0.27	-0.0133694
0.075	0.28	-0.0134128
0.075	0.29	-0.013453
0.075	0.3	-0.0134903
0.075	0.31	-0.0135247
0.075	0.32	-0.0135564
0.075	0.33	-0.0135856
0.075	0.34	-0.0136126
0.075	0.35	-0.0136376
0.075	0.36	-0.0136605
0.075	0.37	-0.0136816
0.075	0.38	-0.013701
0.075	0.39	-0.0137188
0.075	0.4	-0.0137351
0.075	0.41	-0.01375
0.075	0.42	-0.0137637
0.075	0.43	-0.0137762
0.075	0.44	-0.0137875
0.075	0.45	-0.0137978
0.075	0.46	-0.013807
0.075	0.47	-0.0138153
0.075	0.48	-0.0138227
0.075	0.49	-0.0138302
0.075	0.5	-0.0138375
0.075	0.51	-0.0138441
0.075	0.52	-0.01385
0.075	0.53	-0.0138551
0.075	0.54	-0.0138596
0.075	0.55	-0.013864
0.075	0.56	-0.0138678
0.075	0.57	-0.0138711
0.075	0.58	-0.0138737
0.075	0.59	-0.0138758
0.075	0.6	-0.0138775
0.075	0.61	-0.0138786
0.075	0.62	-0.0138793
0.075	0.63	-0.0138795
0.075	0.64	-0.0138794
0.075	0.65	-0.0138788
0.075	0.66	-0.0138779
0.075	0.67	-0.0138765
0.075	0.68	-0.0138749
0.075	0.69	-0.0138731
0.075	0.7	-0.0138709
0.075	0.71	-0.0138685
0.075	0.72	-0.0138657
0.075	0.73	-0.0138627
0.075	0.74	-0.0138594
0.075	0.75	-0.0138559
0.075	0.76	-0.0138522
0.075	0.77	-0.0138482
0.075	0.78	-0.013844
0.075	0.79	-0.0138396
0.075	0.8	-0.013835
0.075	0.81	-0.0138302
0.075	0.82	-0.0138252
0.075	0.83	-0.0138201
0.075	0.84	-0.0138148
0.075	0.85	-0.0138093
0.075	0.86	-0.0138037
0.075	0.87	-0.0137979
0.075	0.88	-0.0137921
0.075	0.89	-0.013786
0.075	0.9	-0.0137799
0.075	0.91	-0.0137736
0.075	0.92	-0.0137672
0.075	0.93	-0.0137607
0.075	0.94	-0.0137541
0.075	0.95	-0.0137474
0.075	0.96	-0.0137406
0.075	0.97	-0.0137337
0.075	0.98	-0.0137267
0.075	0.99	-0.0137196
0.08	0.05	-0.00978679
0.08	0.06	-0.0101689
0.08	0.07	-0.0104763
0.08	0.08	-0.0107577
0.08	0.09	-0.0109991
0.08	0.1	-0.0112066
0.08	0.11	-0.0113863
0.08	0.12	-0.0115425
0.08	0.13	-0.0116793
0.08	0.14	-0.0117998
0.08	0.15	-0.0119065
0.08	0.16	-0.012001
0.08	0.17	-0.0120914
0.08	0.18	-0.0121772
0.08	0.19	-0.0122555
0.08	0.2	-0.0123271
0.08	0.21	-0.0123925
0.08	0.22	-0.0124522
0.08	0.23	-0.0125065
0.08	0.24	-0.012556
0.08	0.25	-0.012601
0.08	0.26	-0.0126425
0.08	0.27	-0.0126803
0.08	0.28	-0.0127148
0.08	0.29	-0.0127463
0.08	0.3	-0.0127751
0.08	0.31	-0.0128013
0.08	0.32	-0.0128252
0.08	0.33	-0.0128469
0.08	0.34	-0.0128666
0.08	0.35	-0.0128845
0.08	0.36	-0.0129007
0.08	0.37	-0.0129153
0.08	0.38	-0.0129285
0.08	0.39	-0.0129403
0.08	0.4	-0.0129508
0.08	0.41	-0.0129601
0.08	0.42	-0.0129683
0.08	0.43	-0.0129762
0.08	0.44	-0.0129841
0.08	0.45	-0.0129911
0.08	0.46	-0.0129972
0.08	0.47	-0.0130024
0.08	0.48	-0.0130072
0.08	0.49	-0.0130115
0.08	0.5	-0.0130151
0.08	0.51	-0.013018
0.08	0.52	-0.0130203
0.08	0.53	-0.0130219
0.08	0.54	-0.013023
0.08	0.55	-0.0130235
0.08	0.56	-0.0130236
0.08	0.57	-0.0130231
0.08	0.58	-0.0130221
0.08	0.59	-0.0130207
0.08	0.6	-0.013019
0.08	0.61	-0.013017
0.08	0.62	-0.0130145
0.08	0.63	-0.0130118
0.08	0.64	-0.0130086
0.08	0.65	-0.0130052
0.08	0.66	-0.0130015
0.08	0.67	-0.0129975
0.08	0.68	-0.0129932
0.08	0.69	-0.0129886
0.08	0.7	-0.0129838
0.08	0.71	-0.0129788
0.08	0.72	-0.0129736
0.08	0.73	-0.0129681
0.08	0.74	-0.0129624
0.08	0.75	-0.0129565
0.08	0.76	-0.0129505
0.08	0.77	-0.0129443
0.08	0.78	-0.012938
0.08	0.79	-0.0129314
0.08	0.8	-0.0129248
0.08	0.81	-0.012918
0.08	0.82	-0.012911
0.08	0.83	-0.0129039
0.08	0.84	-0.0128967
0.08	0.85	-0.0128894
0.08	0.86	-0.012882
0.08	0.87	-0.0128745
0.08	0.88	-0.0128669
0.08	0.89	-0.0128592
0.08	0.9	-0.0128514
0.08	0.91	-0.0128435
0.08	0.92	-0.0128355
0.08	0.93	-0.0128275
0.08	0.94	-0.0128194
0.08	0.95	-0.0128112
0.08	0.96	-0.012803
0.08	0.97	-0.0127947
0.08	0.98	-0.0127863
0.08	0.99	-0.0127779
0.085	0.05	-0.00945664
0.085	0.06	-0.00980242
0.085	0.07	-0.0101055
0.085	0.08	-0.0103638
0.085	0.09	-0.0105817
0.085	0.1	-0.0107668
0.085	0.11	-0.0109254
0.085	0.12	-0.0110623
0.085	0.13	-0.0111813
0.085	0.14	-0.0112852
0.085	0.15	-0.0113814
0.085	0.16	-0.0114727
0.085	0.17	-0.011555
0.085	0.18	-0.0116295
0.085	0.19	-0.0116969
0.085	0.2	-0.0117574
0.085	0.21	-0.0118119
0.085	0.22	-0.0118609
0.085	0.23	-0.0119054
0.085	0.24	-0.0119457
0.085	0.25	-0.0119819
0.085	0.26	-0.0120146
0.085	0.27	-0.0120441
0.085	0.28	-0.0120707
0.085	0.29	-0.0120946
0.085	0.3	-0.012116
0.085	0.31	-0.0121352
0.085	0.32	-0.0121524
0.085	0.33	-0.0121677
0.085	0.34	-0.0121813
0.085	0.35	-0.0121932
0.085	0.36	-0.0122038
0.085	0.37	-0.0122129
0.085	0.38	-0.0122212
0.085	0.39	-0.0122297
0.085	0.4	-0.0122371
0.085	0.41	-0.0122434
0.085	0.42	-0.0122487
0.085	0.43	-0.0122537
0.085	0.44	-0.0122579
0.085	0.45	-0.0122612
0.085	0.46	-0.0122637
0.085	0.47	-0.0122655
0.085	0.48	-0.0122666
0.085	0.49	-0.0122671
0.085	0.5	-0.0122669
0.085	0.51	-0.0122662
0.085	0.52	-0.0122649
0.085	0.53	-0.0122632
0.085	0.54	-0.0122611
0.085	0.55	-0.0122585
0.085	0.56	-0.0122556
0.085	0.57	-0.0122522
0.085	0.58	-0.0122484
0.085	0.59	-0.0122443
0.085	0.6	-0.0122399
0.085	0.61	-0.0122351
0.085	0.62	-0.0122301
0.085	0.63	-0.0122247
0.085	0.64	-0.0122191
0.085	0.65	-0.0122133
0.085	0.66	-0.0122072
0.085	0.67	-0.0122008
0.085	0.68	-0.0121943
0.085	0.69	-0.0121876
0.085	0.7	-0.0121807
0.085	0.71	-0.0121736
0.085	0.72	-0.0121664
0.085	0.73	-0.012159
0.085	0.74	-0.0121514
0.085	0.75	-0.0121437
0.085	0.76	-0.0121358
0.085	0.77	-0.0121279
0.085	0.78	-0.0121198
0.085	0.79	-0.0121116
0.085	0.8	-0.0121033
0.085	0.81	-0.0120949
0.085	0.82	-0.0120864
0.085	0.83	-0.0120779
0.085	0.84	-0.0120692
0.085	0.85	-0.0120605
0.085	0.86	-0.0120516
0.085	0.87	-0.0120428
0.085	0.88	-0.0120338
0.085	0.89	-0.0120248
0.085	0.9	-0.0120157
0.085	0.91	-0.0120066
0.085	0.92	-0.0119974
0.085	0.93	-0.0119882
0.085	0.94	-0.011979
0.085	0.95	-0.0119697
0.085	0.96	-0.0119603
0.085	0.97	-0.0119509
0.085	0.98	-0.0119415
0.085	0.99	-0.0119321
0.09	0.05	-0.00914239
0.09	0.06	-0.00947336
0.09	0.07	-0.00975788
0.09	0.08	-0.00999248
0.09	0.09	-0.010188
0.09	0.1	-0.0103524
0.09	0.11	-0.0104921
0.09	0.12	-0.0106118
0.09	0.13	-0.010716
0.09	0.14	-0.0108157
0.09	0.15	-0.0109054
0.09	0.16	-0.0109854
0.09	0.17	-0.0110568
0.09	0.18	-0.0111203
0.09	0.19	-0.0111766
0.09	0.2	-0.0112268
0.09	0.21	-0.0112719
0.09	0.22	-0.011312
0.09	0.23	-0.0113477
0.09	0.24	-0.0113796
0.09	0.25	-0.0114079
0.09	0.26	-0.011433
0.09	0.27	-0.0114553
0.09	0.28	-0.0114749
0.09	0.29	-0.0114923
0.09	0.3	-0.0115075
0.09	0.31	-0.0115207
0.09	0.32	-0.0115322
0.09	0.33	-0.011542
0.09	0.34	-0.0115509
0.09	0.35	-0.0115597
0.09	0.36	-0.0115672
0.09	0.37	-0.0115735
0.09	0.38	-0.0115789
0.09	0.39	-0.0115837
0.09	0.4	-0.0115875
0.09	0.41	-0.0115903
0.09	0.42	-0.0115922
0.09	0.43	-0.0115933
0.09	0.44	-0.0115937
0.09	0.45	-0.0115933
0.09	0.46	-0.0115923
0.09	0.47	-0.0115906
0.09	0.48	-0.0115885
0.09	0.49	-0.0115859
0.09	0.5	-0.0115828
0.09	0.51	-0.0115792
0.09	0.52	-0.0115751
0.09	0.53	-0.0115707
0.09	0.54	-0.0115658
0.09	0.55	-0.0115606
0.09	0.56	-0.0115551
0.09	0.57	-0.0115492
0.09	0.58	-0.011543
0.09	0.59	-0.0115366
0.09	0.6	-0.0115298
0.09	0.61	-0.0115229
0.09	0.62	-0.0115157
0.09	0.63	-0.0115083
0.09	0.64	-0.0115007
0.09	0.65	-0.0114929
0.09	0.66	-0.0114849
0.09	0.67	-0.0114767
0.09	0.68	-0.0114684
0.09	0.69	-0.01146
0.09	0.7	-0.0114513
0.09	0.71	-0.0114426
0.09	0.72	-0.0114338
0.09	0.73	-0.0114248
0.09	0.74	-0.0114158
0.09	0.75	-0.0114066
0.09	0.76	-0.0113974
0.09	0.77	-0.011388
0.09	0.78	-0.0113786
0.09	0.79	-0.0113691
0.09	0.8	-0.0113595
0.09	0.81	-0.0113499
0.09	0.82	-0.0113402
0.09	0.83	-0.0113304
0.09	0.84	-0.0113206
0.09	0.85	-0.0113107
0.09	0.86	-0.0113008
0.09	0.87	-0.0112909
0.09	0.88	-0.0112809
0.09	0.89	-0.0112709
0.09	0.9	-0.0112608
0.09	0.91	-0.0112508
0.09	0.92	-0.0112407
0.09	0.93	-0.0112305
0.09	0.94	-0.0112204
0.09	0.95	-0.0112102
0.09	0.96	-0.0112001
0.09	0.97	-0.0111899
0.09	0.98	-0.0111797
0.09	0.99	-0.0111695
0.095	0.05	-0.00884583
0.095	0.06	-0.00916887
0.095	0.07	-0.00942909
0.095	0.08	-0.00964114
0.095	0.09	-0.00981583
0.095	0.1	-0.00996165
0.095	0.11	-0.0100844
0.095	0.12	-0.0101928
0.095	0.13	-0.010294
0.095	0.14	-0.010383
0.095	0.15	-0.0104615
0.095	0.16	-0.0105305
0.095	0.17	-0.0105909
0.095	0.18	-0.010644
0.095	0.19	-0.0106911
0.095	0.2	-0.0107324
0.095	0.21	-0.0107688
0.095	0.22	-0.0108008
0.095	0.23	-0.0108288
0.095	0.24	-0.0108533
0.095	0.25	-0.0108746
0.095	0.26	-0.0108932
0.095	0.27	-0.0109093
0.095	0.28	-0.0109231
0.095	0.29	-0.0109348
0.095	0.3	-0.0109446
0.095	0.31	-0.0109541
0.095	0.32	-0.0109627
0.095	0.33	-0.0109697
0.095	0.34	-0.0109756
0.095	0.35	-0.0109807
0.095	0.36	-0.0109847
0.095	0.37	-0.0109875
0.095	0.38	-0.0109893
0.095	0.39	-0.0109902
0.095	0.4	-0.0109902
0.095	0.41	-0.0109894
0.095	0.42	-0.0109879
0.095	0.43	-0.0109857
0.095	0.44	-0.010983
0.095	0.45	-0.0109797
0.095	0.46	-0.0109758
0.095	0.47	-0.0109714
0.095	0.48	-0.0109666
0.095	0.49	-0.0109613
0.095	0.5	-0.0109556
0.095	0.51	-0.0109495
0.095	0.52	-0.010943
0.095	0.53	-0.0109362
0.095	0.54	-0.0109291
0.095	0.55	-0.0109217
0.095	0.56	-0.0109141
0.095	0.57	-0.0109062
0.095	0.58	-0.010898
0.095	0.59	-0.0108897
0.095	0.6	-0.0108811
0.095	0.61	-0.0108723
0.095	0.62	-0.0108634
0.095	0.63	-0.0108543
0.095	0.64	-0.0108451
0.095	0.65	-0.0108357
0.095	0.66	-0.0108262
0.095	0.67	-0.0108166
0.095	0.68	-0.0108069
0.095	0.69	-0.010797
0.095	0.7	-0.0107871
0.095	0.71	-0.0107771
0.095	0.72	-0.0107669
0.095	0.73	-0.0107568
0.095	0.74	-0.0107465
0.095	0.75	-0.0107362
0.095	0.76	-0.0107258
0.095	0.77	-0.0107153
0.095	0.78	-0.0107049
0.095	0.79	-0.0106943
0.095	0.8	-0.0106837
0.095	0.81	-0.0106731
0.095	0.82	-0.0106625
0.095	0.83	-0.0106518
0.095	0.84	-0.0106411
0.095	0.85	-0.0106304
0.095	0.86	-0.0106197
0.095	0.87	-0.0106089
0.095	0.88	-0.0105982
0.095	0.89	-0.0105874
0.095	0.9	-0.0105766
0.095	0.91	-0.0105658
0.095	0.92	-0.010555
0.095	0.93	-0.0105442
0.095	0.94	-0.0105334
0.095	0.95	-0.0105226
0.095	0.96	-0.0105118
0.095	0.97	-0.010501
0.095	0.98	-0.0104902
0.095	0.99	-0.0104794
