0.005	0.05	-0.908173
0.005	0.06	-0.90891
0.005	0.07	-0.909581
0.005	0.08	-0.910201
0.005	0.09	-0.910778
0.005	0.1	-0.91132
0.005	0.11	-0.911831
0.005	0.12	-0.912316
0.005	0.13	-0.912778
0.005	0.14	-0.91322
0.005	0.15	-0.913644
0.005	0.16	-0.914052
0.005	0.17	-0.914444
0.005	0.18	-0.914823
0.005	0.19	-0.91519
0.005	0.2	-0.915545
0.005	0.21	-0.915889
0.005	0.22	-0.916224
0.005	0.23	-0.916549
0.005	0.24	-0.916866
0.005	0.25	-0.917175
0.005	0.26	-0.917477
0.005	0.27	-0.917771
0.005	0.28	-0.918059
0.005	0.29	-0.91834
0.005	0.3	-0.918615
0.005	0.31	-0.918885
0.005	0.32	-0.919149
0.005	0.33	-0.919408
0.005	0.34	-0.919662
0.005	0.35	-0.919911
0.005	0.36	-0.920156
0.005	0.37	-0.920396
0.005	0.38	-0.920632
0.005	0.39	-0.920865
0.005	0.4	-0.921093
0.005	0.41	-0.921318
0.005	0.42	-0.921539
0.005	0.43	-0.921757
0.005	0.44	-0.921971
0.005	0.45	-0.922183
0.005	0.46	-0.922391
0.005	0.47	-0.922596
0.005	0.48	-0.922798
0.005	0.49	-0.922998
0.005	0.5	-0.923195
0.005	0.51	-0.923389
0.005	0.52	-0.923581
0.005	0.53	-0.92377
0.005	0.54	-0.923957
0.005	0.55	-0.924142
0.005	0.56	-0.924324
0.005	0.57	-0.924504
0.005	0.58	-0.924682
0.005	0.59	-0.924858
0.005	0.6	-0.925032
0.005	0.61	-0.925204
0.005	0.62	-0.925374
0.005	0.63	-0.925542
0.005	0.64	-0.925708
0.005	0.65	-0.925873
0.005	0.66	-0.926036
0.005	0.67	-0.926197
0.005	0.68	-0.926357
0.005	0.69	-0.926514
0.005	0.7	-0.926671
0.005	0.71	-0.926826
0.005	0.72	-0.926979
0.005	0.73	-0.927131
0.005	0.74	-0.927281
0.005	0.75	-0.92743
0.005	0.76	-0.927578
0.005	0.77	-0.927724
0.005	0.78	-0.927869
0.005	0.79	-0.928013
0.005	0.8	-0.928156
0.005	0.81	-0.928298
0.005	0.82	-0.928438
0.005	0.83	-0.928577
0.005	0.84	-0.928714
0.005	0.85	-0.928851
0.005	0.86	-0.928987
0.005	0.87	-0.929122
0.005	0.88	-0.929256
0.005	0.89	-0.929389
0.005	0.9	-0.929521
0.005	0.91	-0.929652
0.005	0.92	-0.929781
0.005	0.93	-0.92991
0.005	0.94	-0.930038
0.005	0.95	-0.930164
0.005	0.96	-0.930292
0.005	0.97	-0.930418
0.005	0.98	-0.930544
0.005	0.99	-0.930668
0.01	0.05	-0.816359
0.01	0.06	-0.817835
0.01	0.07	-0.819181
0.01	0.08	-0.820422
0.01	0.09	-0.821579
0.01	0.1	-0.822664
0.01	0.11	-0.823689
0.01	0.12	-0.824662
0.01	0.13	-0.825588
0.01	0.14	-0.826474
0.01	0.15	-0.827324
0.01	0.16	-0.828141
0.01	0.17	-0.828928
0.01	0.18	-0.829688
0.01	0.19	-0.830423
0.01	0.2	-0.831135
0.01	0.21	-0.831827
0.01	0.22	-0.832498
0.01	0.23	-0.833151
0.01	0.24	-0.833787
0.01	0.25	-0.834407
0.01	0.26	-0.835012
0.01	0.27	-0.835602
0.01	0.28	-0.83618
0.01	0.29	-0.836744
0.01	0.3	-0.837297
0.01	0.31	-0.837838
0.01	0.32	-0.838369
0.01	0.33	-0.838889
0.01	0.34	-0.8394
0.01	0.35	-0.839901
0.01	0.36	-0.840394
0.01	0.37	-0.840879
0.01	0.38	-0.841355
0.01	0.39	-0.841825
0.01	0.4	-0.842288
0.01	0.41	-0.842743
0.01	0.42	-0.84319
0.01	0.43	-0.843636
0.01	0.44	-0.844075
0.01	0.45	-0.844507
0.01	0.46	-0.844932
0.01	0.47	-0.845354
0.01	0.48	-0.845777
0.01	0.49	-0.846194
0.01	0.5	-0.846604
0.01	0.51	-0.847008
0.01	0.52	-0.847406
0.01	0.53	-0.847811
0.01	0.54	-0.848215
0.01	0.55	-0.848614
0.01	0.56	-0.849006
0.01	0.57	-0.849393
0.01	0.58	-0.849773
0.01	0.59	-0.850149
0.01	0.6	-0.850547
0.01	0.61	-0.850941
0.01	0.62	-0.851329
0.01	0.63	-0.851711
0.01	0.64	-0.852087
0.01	0.65	-0.852457
0.01	0.66	-0.852822
0.01	0.67	-0.853182
0.01	0.68	-0.853569
0.01	0.69	-0.853963
0.01	0.7	-0.854349
0.01	0.71	-0.85473
0.01	0.72	-0.855104
0.01	0.73	-0.855473
0.01	0.74	-0.855835
0.01	0.75	-0.856193
0.01	0.76	-0.856545
0.01	0.77	-0.856892
0.01	0.78	-0.857266
0.01	0.79	-0.857663
0.01	0.8	-0.858054
0.01	0.81	-0.858438
0.01	0.82	-0.858815
0.01	0.83	-0.859187
0.01	0.84	-0.859552
0.01	0.85	-0.859912
0.01	0.86	-0.860266
0.01	0.87	-0.860615
0.01	0.88	-0.860959
0.01	0.89	-0.861298
0.01	0.9	-0.861632
0.01	0.91	-0.861996
0.01	0.92	-0.862394
0.01	0.93	-0.862785
0.01	0.94	-0.86317
0.01	0.95	-0.863549
0.01	0.96	-0.863921
0.01	0.97	-0.864288
0.01	0.98	-0.864649
0.01	0.99	-0.865004
0.015	0.05	-0.724558
0.015	0.06	-0.726776
0.015	0.07	-0.728798
0.015	0.08	-0.730663
0.015	0.09	-0.732401
0.015	0.1	-0.734033
0.015	0.11	-0.735574
0.015	0.12	-0.737036
0.015	0.13	-0.73843
0.015	0.14	-0.739762
0.015	0.15	-0.74104
0.015	0.16	-0.742269
0.015	0.17	-0.743454
0.015	0.18	-0.744598
0.015	0.19	-0.745707
0.015	0.2	-0.746783
0.015	0.21	-0.747829
0.015	0.22	-0.74885
0.015	0.23	-0.749845
0.015	0.24	-0.750822
0.015	0.25	-0.751781
0.015	0.26	-0.752715
0.015	0.27	-0.753652
0.015	0.28	-0.754571
0.015	0.29	-0.755466
0.015	0.3	-0.756375
0.015	0.31	-0.757283
0.015	0.32	-0.758167
0.015	0.33	-0.759027
0.015	0.34	-0.75994
0.015	0.35	-0.760849
0.015	0.36	-0.761732
0.015	0.37	-0.762591
0.015	0.38	-0.763437
0.015	0.39	-0.764394
0.015	0.4	-0.765322
0.015	0.41	-0.766222
0.015	0.42	-0.767096
0.015	0.43	-0.767946
0.015	0.44	-0.768797
0.015	0.45	-0.769791
0.015	0.46	-0.770754
0.015	0.47	-0.771689
0.015	0.48	-0.772596
0.015	0.49	-0.773478
0.015	0.5	-0.774335
0.015	0.51	-0.775169
0.015	0.52	-0.776061
0.015	0.53	-0.777072
0.015	0.54	-0.778054
0.015	0.55	-0.779007
0.015	0.56	-0.779934
0.015	0.57	-0.780836
0.015	0.58	-0.781713
0.015	0.59	-0.782567
0.015	0.6	-0.783399
0.015	0.61	-0.78421
0.015	0.62	-0.785001
0.015	0.63	-0.785959
0.015	0.64	-0.786935
0.015	0.65	-0.787887
0.015	0.66	-0.788814
0.015	0.67	-0.789718
0.015	0.68	-0.790599
0.015	0.69	-0.791459
0.015	0.7	-0.792298
0.015	0.71	-0.793118
0.015	0.72	-0.793919
0.015	0.73	-0.794701
0.015	0.74	-0.795465
0.015	0.75	-0.796213
0.015	0.76	-0.796944
0.015	0.77	-0.797659
0.015	0.78	-0.798542
0.015	0.79	-0.799428
0.015	0.8	-0.800295
0.015	0.81	-0.801143
0.015	0.82	-0.801973
0.015	0.83	-0.802786
0.015	0.84	-0.803581
0.015	0.85	-0.80436
0.015	0.86	-0.805123
0.015	0.87	-0.805871
0.015	0.88	-0.806603
0.015	0.89	-0.807321
0.015	0.9	-0.808025
0.015	0.91	-0.808715
0.015	0.92	-0.809392
0.015	0.93	-0.810056
0.015	0.94	-0.810708
0.015	0.95	-0.811348
0.015	0.96	-0.811976
0.015	0.97	-0.812592
0.015	0.98	-0.813198
0.015	0.99	-0.813812
0.02	0.05	-0.632769
0.02	0.06	-0.635732
0.02	0.07	-0.638432
0.02	0.08	-0.640925
0.02	0.09	-0.643248
0.02	0.1	-0.64543
0.02	0.11	-0.647495
0.02	0.12	-0.649465
0.02	0.13	-0.651358
0.02	0.14	-0.653188
0.02	0.15	-0.654969
0.02	0.16	-0.656745
0.02	0.17	-0.65846
0.02	0.18	-0.660251
0.02	0.19	-0.661967
0.02	0.2	-0.663781
0.02	0.21	-0.665589
0.02	0.22	-0.667307
0.02	0.23	-0.669268
0.02	0.24	-0.671178
0.02	0.25	-0.672989
0.02	0.26	-0.674827
0.02	0.27	-0.676943
0.02	0.28	-0.678949
0.02	0.29	-0.680852
0.02	0.3	-0.682664
0.02	0.31	-0.684591
0.02	0.32	-0.686768
0.02	0.33	-0.68884
0.02	0.34	-0.690816
0.02	0.35	-0.692704
0.02	0.36	-0.694511
0.02	0.37	-0.69624
0.02	0.38	-0.698151
0.02	0.39	-0.700247
0.02	0.4	-0.702258
0.02	0.41	-0.704187
0.02	0.42	-0.706042
0.02	0.43	-0.707826
0.02	0.44	-0.709543
0.02	0.45	-0.711199
0.02	0.46	-0.712796
0.02	0.47	-0.714336
0.02	0.48	-0.715975
0.02	0.49	-0.717837
0.02	0.5	-0.719637
0.02	0.51	-0.721379
0.02	0.52	-0.723065
0.02	0.53	-0.724698
0.02	0.54	-0.72628
0.02	0.55	-0.727814
0.02	0.56	-0.729301
0.02	0.57	-0.730745
0.02	0.58	-0.732147
0.02	0.59	-0.733509
0.02	0.6	-0.734832
0.02	0.61	-0.736119
0.02	0.62	-0.73737
0.02	0.63	-0.738588
0.02	0.64	-0.740078
0.02	0.65	-0.741543
0.02	0.66	-0.74297
0.02	0.67	-0.744362
0.02	0.68	-0.745719
0.02	0.69	-0.747042
0.02	0.7	-0.748334
0.02	0.71	-0.749595
0.02	0.72	-0.750825
0.02	0.73	-0.752027
0.02	0.74	-0.7532
0.02	0.75	-0.754347
0.02	0.76	-0.755468
0.02	0.77	-0.756564
0.02	0.78	-0.757636
0.02	0.79	-0.758684
0.02	0.8	-0.759709
0.02	0.81	-0.760712
0.02	0.82	-0.761694
0.02	0.83	-0.762655
0.02	0.84	-0.763597
0.02	0.85	-0.764519
0.02	0.86	-0.765422
0.02	0.87	-0.766369
0.02	0.88	-0.767451
0.02	0.89	-0.768513
0.02	0.9	-0.769554
0.02	0.91	-0.770575
0.02	0.92	-0.771578
0.02	0.93	-0.772561
0.02	0.94	-0.773527
0.02	0.95	-0.774475
0.02	0.96	-0.775405
0.02	0.97	-0.776319
0.02	0.98	-0.777217
0.02	0.99	-0.778098
0.025	0.05	-0.540995
0.025	0.06	-0.544713
0.025	0.07	-0.548129
0.025	0.08	-0.551367
0.025	0.09	-0.554536
0.025	0.1	-0.557716
0.025	0.11	-0.560967
0.025	0.12	-0.56452
0.025	0.13	-0.568009
0.025	0.14	-0.571923
0.025	0.15	-0.575472
0.025	0.16	-0.579783
0.025	0.17	-0.58376
0.025	0.18	-0.587402
0.025	0.19	-0.591707
0.025	0.2	-0.595876
0.025	0.21	-0.599736
0.025	0.22	-0.603324
0.025	0.23	-0.606843
0.025	0.24	-0.610956
0.025	0.25	-0.614814
0.025	0.26	-0.618443
0.025	0.27	-0.621862
0.025	0.28	-0.625088
0.025	0.29	-0.628137
0.025	0.3	-0.631025
0.025	0.31	-0.634514
0.025	0.32	-0.637851
0.025	0.33	-0.641031
0.025	0.34	-0.644066
0.025	0.35	-0.646964
0.025	0.36	-0.649735
0.025	0.37	-0.652388
0.025	0.38	-0.65493
0.025	0.39	-0.657367
0.025	0.4	-0.659706
0.025	0.41	-0.661953
0.025	0.42	-0.664453
0.025	0.43	-0.667054
0.025	0.44	-0.669564
0.025	0.45	-0.671987
0.025	0.46	-0.674327
0.025	0.47	-0.67659
0.025	0.48	-0.678778
0.025	0.49	-0.680895
0.025	0.5	-0.682944
0.025	0.51	-0.684929
0.025	0.52	-0.686852
0.025	0.53	-0.688717
0.025	0.54	-0.690525
0.025	0.55	-0.69228
0.025	0.56	-0.693983
0.025	0.57	-0.695637
0.025	0.58	-0.697245
0.025	0.59	-0.698807
0.025	0.6	-0.700553
0.025	0.61	-0.702371
0.025	0.62	-0.704144
0.025	0.63	-0.705872
0.025	0.64	-0.707557
0.025	0.65	-0.709201
0.025	0.66	-0.710805
0.025	0.67	-0.71237
0.025	0.68	-0.713898
0.025	0.69	-0.71539
0.025	0.7	-0.716847
0.025	0.71	-0.71827
0.025	0.72	-0.719661
0.025	0.73	-0.721021
0.025	0.74	-0.72235
0.025	0.75	-0.72365
0.025	0.76	-0.724921
0.025	0.77	-0.726165
0.025	0.78	-0.727382
0.025	0.79	-0.728573
0.025	0.8	-0.729739
0.025	0.81	-0.73088
0.025	0.82	-0.731998
0.025	0.83	-0.733093
0.025	0.84	-0.734167
0.025	0.85	-0.735218
0.025	0.86	-0.736249
0.025	0.87	-0.73726
0.025	0.88	-0.738311
0.025	0.89	-0.739495
0.025	0.9	-0.740657
0.025	0.91	-0.741799
0.025	0.92	-0.74292
0.025	0.93	-0.744023
0.025	0.94	-0.745105
0.025	0.95	-0.746169
0.025	0.96	-0.747214
0.025	0.97	-0.748241
0.025	0.98	-0.74925
0.025	0.99	-0.750242
0.03	0.05	-0.450005
0.03	0.06	-0.456075
0.03	0.07	-0.462989
0.03	0.08	-0.470865
0.03	0.09	-0.478956
0.03	0.1	-0.486876
0.03	0.11	-0.494805
0.03	0.12	-0.502825
0.03	0.13	-0.509927
0.03	0.14	-0.516699
0.03	0.15	-0.524069
0.03	0.16	-0.530775
0.03	0.17	-0.536905
0.03	0.18	-0.542529
0.03	0.19	-0.547708
0.03	0.2	-0.553689
0.03	0.21	-0.559282
0.03	0.22	-0.564512
0.03	0.23	-0.569413
0.03	0.24	-0.574016
0.03	0.25	-0.578346
0.03	0.26	-0.582428
0.03	0.27	-0.586281
0.03	0.28	-0.590238
0.03	0.29	-0.594478
0.03	0.3	-0.598516
0.03	0.31	-0.602368
0.03	0.32	-0.606046
0.03	0.33	-0.609561
0.03	0.34	-0.612925
0.03	0.35	-0.616145
0.03	0.36	-0.619232
0.03	0.37	-0.622193
0.03	0.38	-0.625035
0.03	0.39	-0.627766
0.03	0.4	-0.630392
0.03	0.41	-0.632918
0.03	0.42	-0.635551
0.03	0.43	-0.638391
0.03	0.44	-0.641138
0.03	0.45	-0.643796
0.03	0.46	-0.646368
0.03	0.47	-0.64886
0.03	0.48	-0.651275
0.03	0.49	-0.653617
0.03	0.5	-0.655888
0.03	0.51	-0.658091
0.03	0.52	-0.660229
0.03	0.53	-0.662306
0.03	0.54	-0.664322
0.03	0.55	-0.666282
0.03	0.56	-0.668186
0.03	0.57	-0.670039
0.03	0.58	-0.671841
0.03	0.59	-0.673595
0.03	0.6	-0.675302
0.03	0.61	-0.676965
0.03	0.62	-0.678585
0.03	0.63	-0.680165
0.03	0.64	-0.681704
0.03	0.65	-0.683452
0.03	0.66	-0.685215
0.03	0.67	-0.686937
0.03	0.68	-0.688621
0.03	0.69	-0.690267
0.03	0.7	-0.691877
0.03	0.71	-0.693452
0.03	0.72	-0.694993
0.03	0.73	-0.696501
0.03	0.74	-0.697978
0.03	0.75	-0.699423
0.03	0.76	-0.700838
0.03	0.77	-0.702224
0.03	0.78	-0.703582
0.03	0.79	-0.704912
0.03	0.8	-0.706215
0.03	0.81	-0.707493
0.03	0.82	-0.708746
0.03	0.83	-0.709975
0.03	0.84	-0.71118
0.03	0.85	-0.712362
0.03	0.86	-0.713522
0.03	0.87	-0.714659
0.03	0.88	-0.715776
0.03	0.89	-0.716872
0.03	0.9	-0.717947
0.03	0.91	-0.719004
0.03	0.92	-0.72004
0.03	0.93	-0.721059
0.03	0.94	-0.722058
0.03	0.95	-0.723041
0.03	0.96	-0.724006
0.03	0.97	-0.724954
0.03	0.98	-0.725886
0.03	0.99	-0.726802
0.035	0.05	-0.382132
0.035	0.06	-0.397458
0.035	0.07	-0.412518
0.035	0.08	-0.424965
0.035	0.09	-0.437733
0.035	0.1	-0.449114
0.035	0.11	-0.4591
0.035	0.12	-0.467932
0.035	0.13	-0.477449
0.035	0.14	-0.486169
0.035	0.15	-0.494126
0.035	0.16	-0.501417
0.035	0.17	-0.508122
0.035	0.18	-0.514309
0.035	0.19	-0.520403
0.035	0.2	-0.526807
0.035	0.21	-0.532813
0.035	0.22	-0.53846
0.035	0.23	-0.543777
0.035	0.24	-0.548794
0.035	0.25	-0.553533
0.035	0.26	-0.558019
0.035	0.27	-0.56227
0.035	0.28	-0.566305
0.035	0.29	-0.570139
0.035	0.3	-0.573975
0.035	0.31	-0.578121
0.035	0.32	-0.582093
0.035	0.33	-0.5859
0.035	0.34	-0.589556
0.035	0.35	-0.593066
0.035	0.36	-0.596441
0.035	0.37	-0.599688
0.035	0.38	-0.602813
0.035	0.39	-0.605823
0.035	0.4	-0.608724
0.035	0.41	-0.611523
0.035	0.42	-0.614223
0.035	0.43	-0.616831
0.035	0.44	-0.619351
0.035	0.45	-0.621789
0.035	0.46	-0.624147
0.035	0.47	-0.626429
0.035	0.48	-0.628653
0.035	0.49	-0.631196
0.035	0.5	-0.633668
0.035	0.51	-0.636069
0.035	0.52	-0.638405
0.035	0.53	-0.640676
0.035	0.54	-0.642888
0.035	0.55	-0.645041
0.035	0.56	-0.647139
0.035	0.57	-0.649184
0.035	0.58	-0.651176
0.035	0.59	-0.653118
0.035	0.6	-0.65501
0.035	0.61	-0.656856
0.035	0.62	-0.658657
0.035	0.63	-0.660414
0.035	0.64	-0.662129
0.035	0.65	-0.663804
0.035	0.66	-0.665439
0.035	0.67	-0.667037
0.035	0.68	-0.668599
0.035	0.69	-0.670125
0.035	0.7	-0.671617
0.035	0.71	-0.673076
0.035	0.72	-0.674503
0.035	0.73	-0.675899
0.035	0.74	-0.677265
0.035	0.75	-0.678602
0.035	0.76	-0.679912
0.035	0.77	-0.681193
0.035	0.78	-0.682517
0.035	0.79	-0.683977
0.035	0.8	-0.685411
0.035	0.81	-0.686818
0.035	0.82	-0.688199
0.035	0.83	-0.689555
0.035	0.84	-0.690886
0.035	0.85	-0.692193
0.035	0.86	-0.693477
0.035	0.87	-0.694738
0.035	0.88	-0.695976
0.035	0.89	-0.697192
0.035	0.9	-0.698386
0.035	0.91	-0.699561
0.035	0.92	-0.700716
0.035	0.93	-0.701851
0.035	0.94	-0.702968
0.035	0.95	-0.704066
0.035	0.96	-0.705145
0.035	0.97	-0.706206
0.035	0.98	-0.70725
0.035	0.99	-0.708277
0.04	0.05	-0.351406
0.04	0.06	-0.370694
0.04	0.07	-0.386604
0.04	0.08	-0.40077
0.04	0.09	-0.414444
0.04	0.1	-0.42648
0.04	0.11	-0.437162
0.04	0.12	-0.44671
0.04	0.13	-0.45561
0.04	0.14	-0.4648
0.04	0.15	-0.473251
0.04	0.16	-0.481053
0.04	0.17	-0.48828
0.04	0.18	-0.494994
0.04	0.19	-0.501246
0.04	0.2	-0.507084
0.04	0.21	-0.512547
0.04	0.22	-0.518026
0.04	0.23	-0.5237
0.04	0.24	-0.52908
0.04	0.25	-0.534186
0.04	0.26	-0.53904
0.04	0.27	-0.543659
0.04	0.28	-0.548061
0.04	0.29	-0.552258
0.04	0.3	-0.556267
0.04	0.31	-0.560099
0.04	0.32	-0.563766
0.04	0.33	-0.567278
0.04	0.34	-0.570645
0.04	0.35	-0.573875
0.04	0.36	-0.576976
0.04	0.37	-0.580218
0.04	0.38	-0.58359
0.04	0.39	-0.586847
0.04	0.4	-0.589997
0.04	0.41	-0.593045
0.04	0.42	-0.595996
0.04	0.43	-0.598852
0.04	0.44	-0.601618
0.04	0.45	-0.604297
0.04	0.46	-0.606894
0.04	0.47	-0.609413
0.04	0.48	-0.611857
0.04	0.49	-0.614231
0.04	0.5	-0.616537
0.04	0.51	-0.618778
0.04	0.52	-0.620956
0.04	0.53	-0.623073
0.04	0.54	-0.625131
0.04	0.55	-0.627134
0.04	0.56	-0.629084
0.04	0.57	-0.630981
0.04	0.58	-0.632829
0.04	0.59	-0.634629
0.04	0.6	-0.636384
0.04	0.61	-0.638094
0.04	0.62	-0.639971
0.04	0.63	-0.641888
0.04	0.64	-0.643764
0.04	0.65	-0.645598
0.04	0.66	-0.647394
0.04	0.67	-0.64915
0.04	0.68	-0.65087
0.04	0.69	-0.652553
0.04	0.7	-0.654201
0.04	0.71	-0.655816
0.04	0.72	-0.657397
0.04	0.73	-0.658946
0.04	0.74	-0.660463
0.04	0.75	-0.66195
0.04	0.76	-0.663408
0.04	0.77	-0.664836
0.04	0.78	-0.666236
0.04	0.79	-0.667609
0.04	0.8	-0.668955
0.04	0.81	-0.670276
0.04	0.82	-0.671572
0.04	0.83	-0.672845
0.04	0.84	-0.674094
0.04	0.85	-0.67532
0.04	0.86	-0.676524
0.04	0.87	-0.677705
0.04	0.88	-0.678866
0.04	0.89	-0.680005
0.04	0.9	-0.681124
0.04	0.91	-0.682224
0.04	0.92	-0.683305
0.04	0.93	-0.684366
0.04	0.94	-0.68541
0.04	0.95	-0.686435
0.04	0.96	-0.687444
0.04	0.97	-0.688436
0.04	0.98	-0.689411
0.04	0.99	-0.690371
0.045	0.05	-0.333804
0.045	0.06	-0.353692
0.045	0.07	-0.370407
0.045	0.08	-0.38469
0.045	0.09	-0.397264
0.045	0.1	-0.409853
0.045	0.11	-0.42115
0.045	0.12	-0.431357
0.045	0.13	-0.440628
0.045	0.14	-0.449091
0.045	0.15	-0.456851
0.045	0.16	-0.464053
0.045	0.17	-0.471706
0.045	0.18	-0.478864
0.045	0.19	-0.485575
0.045	0.2	-0.491878
0.045	0.21	-0.497812
0.045	0.22	-0.503408
0.045	0.23	-0.508694
0.045	0.24	-0.513695
0.045	0.25	-0.518435
0.045	0.26	-0.522932
0.045	0.27	-0.527204
0.045	0.28	-0.53127
0.045	0.29	-0.535632
0.045	0.3	-0.539944
0.045	0.31	-0.544082
0.045	0.32	-0.548057
0.045	0.33	-0.551876
0.045	0.34	-0.555548
0.045	0.35	-0.559085
0.045	0.36	-0.562494
0.045	0.37	-0.56578
0.045	0.38	-0.56895
0.045	0.39	-0.572008
0.045	0.4	-0.57496
0.045	0.41	-0.577812
0.045	0.42	-0.580568
0.045	0.43	-0.583235
0.045	0.44	-0.585818
0.045	0.45	-0.588319
0.045	0.46	-0.590742
0.045	0.47	-0.59309
0.045	0.48	-0.595367
0.045	0.49	-0.597575
0.045	0.5	-0.600047
0.045	0.51	-0.602481
0.045	0.52	-0.604852
0.045	0.53	-0.607163
0.045	0.54	-0.609417
0.045	0.55	-0.611614
0.045	0.56	-0.613756
0.045	0.57	-0.615845
0.045	0.58	-0.617885
0.045	0.59	-0.619877
0.045	0.6	-0.621821
0.045	0.61	-0.62372
0.045	0.62	-0.625576
0.045	0.63	-0.627389
0.045	0.64	-0.629161
0.045	0.65	-0.630892
0.045	0.66	-0.632585
0.045	0.67	-0.63424
0.045	0.68	-0.63586
0.045	0.69	-0.637443
0.045	0.7	-0.638993
0.045	0.71	-0.640509
0.045	0.72	-0.641994
0.045	0.73	-0.643448
0.045	0.74	-0.644872
0.045	0.75	-0.646268
0.045	0.76	-0.647635
0.045	0.77	-0.648975
0.045	0.78	-0.650288
0.045	0.79	-0.651575
0.045	0.8	-0.652837
0.045	0.81	-0.654075
0.045	0.82	-0.655288
0.045	0.83	-0.656479
0.045	0.84	-0.657672
0.045	0.85	-0.659011
0.045	0.86	-0.660332
0.045	0.87	-0.661632
0.045	0.88	-0.66291
0.045	0.89	-0.664168
0.045	0.9	-0.665406
0.045	0.91	-0.666623
0.045	0.92	-0.667821
0.045	0.93	-0.668998
0.045	0.94	-0.670157
0.045	0.95	-0.671298
0.045	0.96	-0.672421
0.045	0.97	-0.673526
0.045	0.98	-0.674614
0.045	0.99	-0.675686
0.05	0.05	-0.322419
0.05	0.06	-0.34068
0.05	0.07	-0.357448
0.05	0.08	-0.372503
0.05	0.09	-0.385716
0.05	0.1	-0.397429
0.05	0.11	-0.407896
0.05	0.12	-0.417359
0.05	0.13	-0.427148
0.05	0.14	-0.436167
0.05	0.15	-0.4445
0.05	0.16	-0.452229
0.05	0.17	-0.459418
0.05	0.18	-0.466126
0.05	0.19	-0.472399
0.05	0.2	-0.478279
0.05	0.21	-0.483802
0.05	0.22	-0.489
0.05	0.23	-0.494543
0.05	0.24	-0.49991
0.05	0.25	-0.505022
0.05	0.26	-0.509896
0.05	0.27	-0.514548
0.05	0.28	-0.518993
0.05	0.29	-0.523242
0.05	0.3	-0.52731
0.05	0.31	-0.531212
0.05	0.32	-0.534957
0.05	0.33	-0.538551
0.05	0.34	-0.542005
0.05	0.35	-0.545324
0.05	0.36	-0.548518
0.05	0.37	-0.551592
0.05	0.38	-0.554554
0.05	0.39	-0.557411
0.05	0.4	-0.560245
0.05	0.41	-0.563328
0.05	0.42	-0.566321
0.05	0.43	-0.569226
0.05	0.44	-0.572043
0.05	0.45	-0.574778
0.05	0.46	-0.577435
0.05	0.47	-0.580017
0.05	0.48	-0.582526
0.05	0.49	-0.584966
0.05	0.5	-0.587338
0.05	0.51	-0.589647
0.05	0.52	-0.591896
0.05	0.53	-0.594086
0.05	0.54	-0.59622
0.05	0.55	-0.598298
0.05	0.56	-0.600325
0.05	0.57	-0.6023
0.05	0.58	-0.604227
0.05	0.59	-0.606105
0.05	0.6	-0.607938
0.05	0.61	-0.609727
0.05	0.62	-0.611473
0.05	0.63	-0.613178
0.05	0.64	-0.614843
0.05	0.65	-0.61647
0.05	0.66	-0.61806
0.05	0.67	-0.619614
0.05	0.68	-0.621135
0.05	0.69	-0.622621
0.05	0.7	-0.624108
0.05	0.71	-0.62576
0.05	0.72	-0.627384
0.05	0.73	-0.628981
0.05	0.74	-0.630547
0.05	0.75	-0.632082
0.05	0.76	-0.63359
0.05	0.77	-0.63507
0.05	0.78	-0.636524
0.05	0.79	-0.637951
0.05	0.8	-0.639351
0.05	0.81	-0.640727
0.05	0.82	-0.642079
0.05	0.83	-0.643405
0.05	0.84	-0.64471
0.05	0.85	-0.645991
0.05	0.86	-0.64725
0.05	0.87	-0.648488
0.05	0.88	-0.649704
0.05	0.89	-0.6509
0.05	0.9	-0.652075
0.05	0.91	-0.65323
0.05	0.92	-0.654366
0.05	0.93	-0.655484
0.05	0.94	-0.656583
0.05	0.95	-0.657664
0.05	0.96	-0.658727
0.05	0.97	-0.659773
0.05	0.98	-0.660802
0.05	0.99	-0.661815
0.055	0.05	-0.312354
0.055	0.06	-0.331594
0.055	0.07	-0.347924
0.055	0.08	-0.362001
0.055	0.09	-0.374297
0.055	0.1	-0.386451
0.055	0.11	-0.397599
0.055	0.12	-0.407734
0.055	0.13	-0.416992
0.055	0.14	-0.425492
0.055	0.15	-0.433326
0.055	0.16	-0.440574
0.055	0.17	-0.447299
0.055	0.18	-0.453901
0.055	0.19	-0.460609
0.055	0.2	-0.466935
0.055	0.21	-0.472913
0.055	0.22	-0.478571
0.055	0.23	-0.483935
0.055	0.24	-0.489026
0.055	0.25	-0.493865
0.055	0.26	-0.49847
0.055	0.27	-0.502861
0.055	0.28	-0.507055
0.055	0.29	-0.511062
0.055	0.3	-0.514893
0.055	0.31	-0.518559
0.055	0.32	-0.522071
0.055	0.33	-0.525585
0.055	0.34	-0.529306
0.055	0.35	-0.532902
0.055	0.36	-0.53638
0.055	0.37	-0.539739
0.055	0.38	-0.542985
0.055	0.39	-0.546123
0.055	0.4	-0.54916
0.055	0.41	-0.5521
0.055	0.42	-0.554949
0.055	0.43	-0.557709
0.055	0.44	-0.560386
0.055	0.45	-0.562982
0.055	0.46	-0.565503
0.055	0.47	-0.567951
0.055	0.48	-0.570329
0.055	0.49	-0.57264
0.055	0.5	-0.574887
0.055	0.51	-0.577072
0.055	0.52	-0.579197
0.055	0.53	-0.581264
0.055	0.54	-0.583276
0.055	0.55	-0.585235
0.055	0.56	-0.587144
0.055	0.57	-0.589002
0.055	0.58	-0.590814
0.055	0.59	-0.592633
0.055	0.6	-0.594621
0.055	0.61	-0.596574
0.055	0.62	-0.598489
0.055	0.63	-0.600362
0.055	0.64	-0.602195
0.055	0.65	-0.60399
0.055	0.66	-0.605746
0.055	0.67	-0.607466
0.055	0.68	-0.60915
0.055	0.69	-0.610801
0.055	0.7	-0.612419
0.055	0.71	-0.614005
0.055	0.72	-0.615559
0.055	0.73	-0.617083
0.055	0.74	-0.618577
0.055	0.75	-0.620042
0.055	0.76	-0.621479
0.055	0.77	-0.622889
0.055	0.78	-0.624272
0.055	0.79	-0.62563
0.055	0.8	-0.626962
0.055	0.81	-0.628269
0.055	0.82	-0.629552
0.055	0.83	-0.630813
0.055	0.84	-0.63205
0.055	0.85	-0.633265
0.055	0.86	-0.634458
0.055	0.87	-0.63563
0.055	0.88	-0.636782
0.055	0.89	-0.637913
0.055	0.9	-0.639026
0.055	0.91	-0.640119
0.055	0.92	-0.641194
0.055	0.93	-0.642252
0.055	0.94	-0.643291
0.055	0.95	-0.644314
0.055	0.96	-0.64532
0.055	0.97	-0.64631
0.055	0.98	-0.647284
0.055	0.99	-0.648242
0.06	0.05	-0.305048
0.06	0.06	-0.323197
0.06	0.07	-0.338493
0.06	0.08	-0.353221
0.06	0.09	-0.366361
0.06	0.1	-0.378105
0.06	0.11	-0.388672
0.06	0.12	-0.398247
0.06	0.13	-0.406969
0.06	0.14	-0.414955
0.06	0.15	-0.423109
0.06	0.16	-0.430884
0.06	0.17	-0.438151
0.06	0.18	-0.44496
0.06	0.19	-0.451357
0.06	0.2	-0.457378
0.06	0.21	-0.463055
0.06	0.22	-0.468418
0.06	0.23	-0.473493
0.06	0.24	-0.478306
0.06	0.25	-0.482878
0.06	0.26	-0.487225
0.06	0.27	-0.491363
0.06	0.28	-0.495786
0.06	0.29	-0.500112
0.06	0.3	-0.50427
0.06	0.31	-0.508269
0.06	0.32	-0.512116
0.06	0.33	-0.515819
0.06	0.34	-0.519383
0.06	0.35	-0.522818
0.06	0.36	-0.526132
0.06	0.37	-0.529331
0.06	0.38	-0.53242
0.06	0.39	-0.535405
0.06	0.4	-0.538291
0.06	0.41	-0.541083
0.06	0.42	-0.543787
0.06	0.43	-0.546407
0.06	0.44	-0.548945
0.06	0.45	-0.551406
0.06	0.46	-0.553793
0.06	0.47	-0.556108
0.06	0.48	-0.558354
0.06	0.49	-0.560536
0.06	0.5	-0.562672
0.06	0.51	-0.565028
0.06	0.52	-0.567341
0.06	0.53	-0.569601
0.06	0.54	-0.57181
0.06	0.55	-0.573966
0.06	0.56	-0.57607
0.06	0.57	-0.578125
0.06	0.58	-0.580131
0.06	0.59	-0.582091
0.06	0.6	-0.584005
0.06	0.61	-0.585877
0.06	0.62	-0.587707
0.06	0.63	-0.589499
0.06	0.64	-0.591251
0.06	0.65	-0.592965
0.06	0.66	-0.594643
0.06	0.67	-0.596285
0.06	0.68	-0.597891
0.06	0.69	-0.599465
0.06	0.7	-0.601006
0.06	0.71	-0.602516
0.06	0.72	-0.603995
0.06	0.73	-0.605444
0.06	0.74	-0.606864
0.06	0.75	-0.608257
0.06	0.76	-0.609622
0.06	0.77	-0.61096
0.06	0.78	-0.612272
0.06	0.79	-0.613558
0.06	0.8	-0.61482
0.06	0.81	-0.616059
0.06	0.82	-0.617274
0.06	0.83	-0.618468
0.06	0.84	-0.61964
0.06	0.85	-0.62079
0.06	0.86	-0.62192
0.06	0.87	-0.623031
0.06	0.88	-0.624121
0.06	0.89	-0.625192
0.06	0.9	-0.626378
0.06	0.91	-0.627577
0.06	0.92	-0.62876
0.06	0.93	-0.629926
0.06	0.94	-0.631075
0.06	0.95	-0.632206
0.06	0.96	-0.633322
0.06	0.97	-0.634422
0.06	0.98	-0.635506
0.06	0.99	-0.636573
0.065	0.05	-0.297819
0.065	0.06	-0.315727
0.065	0.07	-0.332021
0.065	0.08	-0.346214
0.065	0.09	-0.358728
0.065	0.1	-0.369861
0.065	0.11	-0.379851
0.065	0.12	-0.389359
0.065	0.13	-0.398697
0.065	0.14	-0.407322
0.065	0.15	-0.415315
0.065	0.16	-0.422749
0.065	0.17	-0.429683
0.065	0.18	-0.436167
0.065	0.19	-0.442245
0.065	0.2	-0.447955
0.065	0.21	-0.453333
0.065	0.22	-0.458408
0.065	0.23	-0.463362
0.065	0.24	-0.468546
0.065	0.25	-0.473495
0.065	0.26	-0.478224
0.065	0.27	-0.482749
0.065	0.28	-0.487084
0.065	0.29	-0.491236
0.065	0.3	-0.495216
0.065	0.31	-0.499037
0.065	0.32	-0.502708
0.065	0.33	-0.506239
0.065	0.34	-0.509636
0.065	0.35	-0.512908
0.065	0.36	-0.516061
0.065	0.37	-0.519102
0.065	0.38	-0.522037
0.065	0.39	-0.524872
0.065	0.4	-0.527612
0.065	0.41	-0.530261
0.065	0.42	-0.532823
0.065	0.43	-0.535367
0.065	0.44	-0.538112
0.065	0.45	-0.54079
0.065	0.46	-0.543398
0.065	0.47	-0.545938
0.065	0.48	-0.54841
0.065	0.49	-0.55082
0.065	0.5	-0.553165
0.065	0.51	-0.555449
0.065	0.52	-0.557674
0.065	0.53	-0.559842
0.065	0.54	-0.561956
0.065	0.55	-0.564018
0.065	0.56	-0.566032
0.065	0.57	-0.567998
0.065	0.58	-0.569917
0.065	0.59	-0.571791
0.065	0.6	-0.573622
0.065	0.61	-0.575409
0.065	0.62	-0.577156
0.065	0.63	-0.578864
0.065	0.64	-0.580534
0.065	0.65	-0.582167
0.065	0.66	-0.583764
0.065	0.67	-0.585326
0.065	0.68	-0.586855
0.065	0.69	-0.588351
0.065	0.7	-0.589815
0.065	0.71	-0.591249
0.065	0.72	-0.592652
0.065	0.73	-0.594026
0.065	0.74	-0.595373
0.065	0.75	-0.596693
0.065	0.76	-0.597987
0.065	0.77	-0.599255
0.065	0.78	-0.600547
0.065	0.79	-0.601946
0.065	0.8	-0.603332
0.065	0.81	-0.604697
0.065	0.82	-0.606039
0.065	0.83	-0.607359
0.065	0.84	-0.608657
0.065	0.85	-0.609934
0.065	0.86	-0.61119
0.065	0.87	-0.612425
0.065	0.88	-0.613641
0.065	0.89	-0.614837
0.065	0.9	-0.616014
0.065	0.91	-0.61717
0.065	0.92	-0.618309
0.065	0.93	-0.619429
0.065	0.94	-0.620533
0.065	0.95	-0.621619
0.065	0.96	-0.622687
0.065	0.97	-0.62374
0.065	0.98	-0.624776
0.065	0.99	-0.625798
0.07	0.05	-0.291875
0.07	0.06	-0.310155
0.07	0.07	-0.32576
0.07	0.08	-0.339295
0.07	0.09	-0.351174
0.07	0.1	-0.362284
0.07	0.11	-0.372997
0.07	0.12	-0.382774
0.07	0.13	-0.39174
0.07	0.14	-0.4
0.07	0.15	-0.40764
0.07	0.16	-0.41473
0.07	0.17	-0.421328
0.07	0.18	-0.427487
0.07	0.19	-0.433252
0.07	0.2	-0.439192
0.07	0.21	-0.445009
0.07	0.22	-0.450527
0.07	0.23	-0.455771
0.07	0.24	-0.460763
0.07	0.25	-0.465524
0.07	0.26	-0.470063
0.07	0.27	-0.474396
0.07	0.28	-0.478541
0.07	0.29	-0.482507
0.07	0.3	-0.486309
0.07	0.31	-0.489953
0.07	0.32	-0.493453
0.07	0.33	-0.496815
0.07	0.34	-0.500047
0.07	0.35	-0.503159
0.07	0.36	-0.506156
0.07	0.37	-0.509063
0.07	0.38	-0.512228
0.07	0.39	-0.515314
0.07	0.4	-0.518307
0.07	0.41	-0.521211
0.07	0.42	-0.52403
0.07	0.43	-0.526768
0.07	0.44	-0.529428
0.07	0.45	-0.532011
0.07	0.46	-0.534519
0.07	0.47	-0.536957
0.07	0.48	-0.539328
0.07	0.49	-0.541634
0.07	0.5	-0.54388
0.07	0.51	-0.546068
0.07	0.52	-0.5482
0.07	0.53	-0.550276
0.07	0.54	-0.5523
0.07	0.55	-0.554273
0.07	0.56	-0.556196
0.07	0.57	-0.558072
0.07	0.58	-0.559903
0.07	0.59	-0.56169
0.07	0.6	-0.563434
0.07	0.61	-0.565138
0.07	0.62	-0.566802
0.07	0.63	-0.568427
0.07	0.64	-0.570015
0.07	0.65	-0.571567
0.07	0.66	-0.573084
0.07	0.67	-0.574567
0.07	0.68	-0.576017
0.07	0.69	-0.577589
0.07	0.7	-0.579187
0.07	0.71	-0.580762
0.07	0.72	-0.58231
0.07	0.73	-0.58383
0.07	0.74	-0.585321
0.07	0.75	-0.586786
0.07	0.76	-0.588225
0.07	0.77	-0.589637
0.07	0.78	-0.591023
0.07	0.79	-0.592385
0.07	0.8	-0.593723
0.07	0.81	-0.595038
0.07	0.82	-0.596329
0.07	0.83	-0.597598
0.07	0.84	-0.598845
0.07	0.85	-0.600072
0.07	0.86	-0.601277
0.07	0.87	-0.602462
0.07	0.88	-0.603626
0.07	0.89	-0.604772
0.07	0.9	-0.605899
0.07	0.91	-0.607009
0.07	0.92	-0.608099
0.07	0.93	-0.609173
0.07	0.94	-0.61023
0.07	0.95	-0.61127
0.07	0.96	-0.612293
0.07	0.97	-0.613299
0.07	0.98	-0.61429
0.07	0.99	-0.615264
0.075	0.05	-0.2871
0.075	0.06	-0.304653
0.075	0.07	-0.319568
0.075	0.08	-0.332494
0.075	0.09	-0.34518
0.075	0.1	-0.356584
0.075	0.11	-0.366901
0.075	0.12	-0.376288
0.075	0.13	-0.384879
0.075	0.14	-0.392776
0.075	0.15	-0.400061
0.075	0.16	-0.406808
0.075	0.17	-0.413516
0.075	0.18	-0.420175
0.075	0.19	-0.426451
0.075	0.2	-0.432374
0.075	0.21	-0.437978
0.075	0.22	-0.443292
0.075	0.23	-0.448334
0.075	0.24	-0.453123
0.075	0.25	-0.457681
0.075	0.26	-0.462024
0.075	0.27	-0.466169
0.075	0.28	-0.470128
0.075	0.29	-0.473914
0.075	0.3	-0.477537
0.075	0.31	-0.481009
0.075	0.32	-0.484341
0.075	0.33	-0.487902
0.075	0.34	-0.491422
0.075	0.35	-0.494822
0.075	0.36	-0.49811
0.075	0.37	-0.501289
0.075	0.38	-0.504367
0.075	0.39	-0.507349
0.075	0.4	-0.510237
0.075	0.41	-0.513033
0.075	0.42	-0.515742
0.075	0.43	-0.518369
0.075	0.44	-0.520919
0.075	0.45	-0.523396
0.075	0.46	-0.525803
0.075	0.47	-0.528141
0.075	0.48	-0.530415
0.075	0.49	-0.532625
0.075	0.5	-0.534775
0.075	0.51	-0.536867
0.075	0.52	-0.538903
0.075	0.53	-0.540886
0.075	0.54	-0.542818
0.075	0.55	-0.5447
0.075	0.56	-0.546535
0.075	0.57	-0.548323
0.075	0.58	-0.550067
0.075	0.59	-0.551768
0.075	0.6	-0.553427
0.075	0.61	-0.555208
0.075	0.62	-0.557021
0.075	0.63	-0.558803
0.075	0.64	-0.560555
0.075	0.65	-0.56227
0.075	0.66	-0.563949
0.075	0.67	-0.565598
0.075	0.68	-0.567214
0.075	0.69	-0.568796
0.075	0.7	-0.570347
0.075	0.71	-0.571868
0.075	0.72	-0.573359
0.075	0.73	-0.574823
0.075	0.74	-0.576259
0.075	0.75	-0.577668
0.075	0.76	-0.579051
0.075	0.77	-0.580409
0.075	0.78	-0.58174
0.075	0.79	-0.583048
0.075	0.8	-0.584332
0.075	0.81	-0.585593
0.075	0.82	-0.586831
0.075	0.83	-0.588049
0.075	0.84	-0.589245
0.075	0.85	-0.590419
0.075	0.86	-0.591575
0.075	0.87	-0.59271
0.075	0.88	-0.593826
0.075	0.89	-0.594922
0.075	0.9	-0.596
0.075	0.91	-0.597059
0.075	0.92	-0.598102
0.075	0.93	-0.599126
0.075	0.94	-0.600134
0.075	0.95	-0.601126
0.075	0.96	-0.602103
0.075	0.97	-0.603064
0.075	0.98	-0.604009
0.075	0.99	-0.60494
0.08	0.05	-0.282377
0.08	0.06	-0.299208
0.08	0.07	-0.313869
0.08	0.08	-0.327703
0.08	0.09	-0.339977
0.08	0.1	-0.350968
0.08	0.11	-0.360882
0.08	0.12	-0.369884
0.08	0.13	-0.3781
0.08	0.14	-0.385633
0.08	0.15	-0.393313
0.08	0.16	-0.400632
0.08	0.17	-0.407485
0.08	0.18	-0.413916
0.08	0.19	-0.419969
0.08	0.2	-0.425678
0.08	0.21	-0.431068
0.08	0.22	-0.436167
0.08	0.23	-0.441
0.08	0.24	-0.44559
0.08	0.25	-0.449951
0.08	0.26	-0.454104
0.08	0.27	-0.458062
0.08	0.28	-0.461837
0.08	0.29	-0.465847
0.08	0.3	-0.469795
0.08	0.31	-0.473596
0.08	0.32	-0.477256
0.08	0.33	-0.480783
0.08	0.34	-0.484187
0.08	0.35	-0.487474
0.08	0.36	-0.490647
0.08	0.37	-0.493711
0.08	0.38	-0.496672
0.08	0.39	-0.499535
0.08	0.4	-0.502307
0.08	0.41	-0.504993
0.08	0.42	-0.507596
0.08	0.43	-0.51012
0.08	0.44	-0.512567
0.08	0.45	-0.514941
0.08	0.46	-0.517246
0.08	0.47	-0.519483
0.08	0.48	-0.521657
0.08	0.49	-0.52377
0.08	0.5	-0.525824
0.08	0.51	-0.527822
0.08	0.52	-0.529766
0.08	0.53	-0.531657
0.08	0.54	-0.533613
0.08	0.55	-0.53566
0.08	0.56	-0.537666
0.08	0.57	-0.539635
0.08	0.58	-0.541562
0.08	0.59	-0.543445
0.08	0.6	-0.545287
0.08	0.61	-0.547092
0.08	0.62	-0.548857
0.08	0.63	-0.550583
0.08	0.64	-0.552272
0.08	0.65	-0.553925
0.08	0.66	-0.555545
0.08	0.67	-0.557132
0.08	0.68	-0.558687
0.08	0.69	-0.560211
0.08	0.7	-0.561704
0.08	0.71	-0.563167
0.08	0.72	-0.564602
0.08	0.73	-0.566008
0.08	0.74	-0.567386
0.08	0.75	-0.568738
0.08	0.76	-0.570066
0.08	0.77	-0.571368
0.08	0.78	-0.572645
0.08	0.79	-0.573899
0.08	0.8	-0.575131
0.08	0.81	-0.576339
0.08	0.82	-0.577525
0.08	0.83	-0.57869
0.08	0.84	-0.579834
0.08	0.85	-0.580957
0.08	0.86	-0.582061
0.08	0.87	-0.583145
0.08	0.88	-0.584211
0.08	0.89	-0.585259
0.08	0.9	-0.586289
0.08	0.91	-0.587301
0.08	0.92	-0.588297
0.08	0.93	-0.589276
0.08	0.94	-0.590238
0.08	0.95	-0.591186
0.08	0.96	-0.592117
0.08	0.97	-0.593034
0.08	0.98	-0.593935
0.08	0.99	-0.594906
0.085	0.05	-0.277702
0.085	0.06	-0.294285
0.085	0.07	-0.309605
0.085	0.08	-0.322997
0.085	0.09	-0.334843
0.085	0.1	-0.345417
0.085	0.11	-0.354933
0.085	0.12	-0.363549
0.085	0.13	-0.372087
0.085	0.14	-0.380261
0.085	0.15	-0.387858
0.085	0.16	-0.394936
0.085	0.17	-0.401556
0.085	0.18	-0.407761
0.085	0.19	-0.413588
0.085	0.2	-0.419074
0.085	0.21	-0.424248
0.085	0.22	-0.42914
0.085	0.23	-0.43377
0.085	0.24	-0.438161
0.085	0.25	-0.442428
0.085	0.26	-0.446922
0.085	0.27	-0.451245
0.085	0.28	-0.455392
0.085	0.29	-0.45937
0.085	0.3	-0.463193
0.085	0.31	-0.466869
0.085	0.32	-0.470407
0.085	0.33	-0.473814
0.085	0.34	-0.477094
0.085	0.35	-0.480254
0.085	0.36	-0.483305
0.085	0.37	-0.486252
0.085	0.38	-0.489101
0.085	0.39	-0.491854
0.085	0.4	-0.494519
0.085	0.41	-0.497096
0.085	0.42	-0.499591
0.085	0.43	-0.502009
0.085	0.44	-0.504352
0.085	0.45	-0.506623
0.085	0.46	-0.508828
0.085	0.47	-0.510967
0.085	0.48	-0.513104
0.085	0.49	-0.515394
0.085	0.5	-0.51764
0.085	0.51	-0.519836
0.085	0.52	-0.521981
0.085	0.53	-0.524075
0.085	0.54	-0.52612
0.085	0.55	-0.528118
0.085	0.56	-0.530069
0.085	0.57	-0.531974
0.085	0.58	-0.533834
0.085	0.59	-0.535652
0.085	0.6	-0.537428
0.085	0.61	-0.539166
0.085	0.62	-0.540868
0.085	0.63	-0.542532
0.085	0.64	-0.54416
0.085	0.65	-0.545753
0.085	0.66	-0.547312
0.085	0.67	-0.548838
0.085	0.68	-0.550332
0.085	0.69	-0.551795
0.085	0.7	-0.553229
0.085	0.71	-0.554634
0.085	0.72	-0.556011
0.085	0.73	-0.55736
0.085	0.74	-0.558683
0.085	0.75	-0.55998
0.085	0.76	-0.561252
0.085	0.77	-0.562499
0.085	0.78	-0.563723
0.085	0.79	-0.564922
0.085	0.8	-0.5661
0.085	0.81	-0.567255
0.085	0.82	-0.56839
0.085	0.83	-0.569505
0.085	0.84	-0.570599
0.085	0.85	-0.571673
0.085	0.86	-0.572728
0.085	0.87	-0.573764
0.085	0.88	-0.574783
0.085	0.89	-0.575821
0.085	0.9	-0.576937
0.085	0.91	-0.578046
0.085	0.92	-0.579144
0.085	0.93	-0.580226
0.085	0.94	-0.581293
0.085	0.95	-0.582344
0.085	0.96	-0.583384
0.085	0.97	-0.584408
0.085	0.98	-0.585416
0.085	0.99	-0.586408
0.09	0.05	-0.273226
0.09	0.06	-0.290541
0.09	0.07	-0.305401
0.09	0.08	-0.318348
0.09	0.09	-0.329763
0.09	0.1	-0.339927
0.09	0.11	-0.349327
0.09	0.12	-0.358638
0.09	0.13	-0.367215
0.09	0.14	-0.375138
0.09	0.15	-0.382487
0.09	0.16	-0.389327
0.09	0.17	-0.395712
0.09	0.18	-0.401684
0.09	0.19	-0.407287
0.09	0.2	-0.412556
0.09	0.21	-0.41752
0.09	0.22	-0.422224
0.09	0.23	-0.427217
0.09	0.24	-0.43201
0.09	0.25	-0.436591
0.09	0.26	-0.440968
0.09	0.27	-0.445157
0.09	0.28	-0.449171
0.09	0.29	-0.453021
0.09	0.3	-0.456715
0.09	0.31	-0.460261
0.09	0.32	-0.463668
0.09	0.33	-0.466947
0.09	0.34	-0.470106
0.09	0.35	-0.473152
0.09	0.36	-0.476088
0.09	0.37	-0.478921
0.09	0.38	-0.481656
0.09	0.39	-0.484298
0.09	0.4	-0.486851
0.09	0.41	-0.489321
0.09	0.42	-0.491711
0.09	0.43	-0.494069
0.09	0.44	-0.496607
0.09	0.45	-0.499093
0.09	0.46	-0.501516
0.09	0.47	-0.503878
0.09	0.48	-0.506177
0.09	0.49	-0.508421
0.09	0.5	-0.510608
0.09	0.51	-0.512738
0.09	0.52	-0.514815
0.09	0.53	-0.51684
0.09	0.54	-0.518814
0.09	0.55	-0.52074
0.09	0.56	-0.522622
0.09	0.57	-0.524461
0.09	0.58	-0.526257
0.09	0.59	-0.528011
0.09	0.6	-0.529724
0.09	0.61	-0.531398
0.09	0.62	-0.533034
0.09	0.63	-0.534634
0.09	0.64	-0.536199
0.09	0.65	-0.53773
0.09	0.66	-0.539228
0.09	0.67	-0.540694
0.09	0.68	-0.542129
0.09	0.69	-0.543534
0.09	0.7	-0.54491
0.09	0.71	-0.546257
0.09	0.72	-0.547577
0.09	0.73	-0.54887
0.09	0.74	-0.550136
0.09	0.75	-0.551378
0.09	0.76	-0.552595
0.09	0.77	-0.55379
0.09	0.78	-0.554961
0.09	0.79	-0.55611
0.09	0.8	-0.557237
0.09	0.81	-0.558425
0.09	0.82	-0.559661
0.09	0.83	-0.560884
0.09	0.84	-0.562093
0.09	0.85	-0.563282
0.09	0.86	-0.56445
0.09	0.87	-0.565604
0.09	0.88	-0.566741
0.09	0.89	-0.567861
0.09	0.9	-0.568962
0.09	0.91	-0.570045
0.09	0.92	-0.57111
0.09	0.93	-0.572159
0.09	0.94	-0.573191
0.09	0.95	-0.574208
0.09	0.96	-0.575211
0.09	0.97	-0.576199
0.09	0.98	-0.577172
0.09	0.99	-0.57813
0.095	0.05	-0.270004
0.095	0.06	-0.286848
0.095	0.07	-0.301245
0.095	0.08	-0.313745
0.095	0.09	-0.324736
0.095	0.1	-0.335134
0.095	0.11	-0.345043
0.095	0.12	-0.3541
0.095	0.13	-0.362415
0.095	0.14	-0.370087
0.095	0.15	-0.37719
0.095	0.16	-0.383788
0.095	0.17	-0.389936
0.095	0.18	-0.395683
0.095	0.19	-0.401067
0.095	0.2	-0.406373
0.095	0.21	-0.411767
0.095	0.22	-0.416902
0.095	0.23	-0.421789
0.095	0.24	-0.426442
0.095	0.25	-0.430882
0.095	0.26	-0.435123
0.095	0.27	-0.439177
0.095	0.28	-0.443055
0.095	0.29	-0.446768
0.095	0.3	-0.450329
0.095	0.31	-0.453748
0.095	0.32	-0.457035
0.095	0.33	-0.460194
0.095	0.34	-0.463234
0.095	0.35	-0.466161
0.095	0.36	-0.46898
0.095	0.37	-0.471699
0.095	0.38	-0.474323
0.095	0.39	-0.476974
0.095	0.4	-0.479755
0.095	0.41	-0.482463
0.095	0.42	-0.485097
0.095	0.43	-0.487656
0.095	0.44	-0.490142
0.095	0.45	-0.492564
0.095	0.46	-0.494919
0.095	0.47	-0.497209
0.095	0.48	-0.499437
0.095	0.49	-0.501606
0.095	0.5	-0.503716
0.095	0.51	-0.505773
0.095	0.52	-0.50778
0.095	0.53	-0.509736
0.095	0.54	-0.511644
0.095	0.55	-0.513504
0.095	0.56	-0.515319
0.095	0.57	-0.51709
0.095	0.58	-0.518817
0.095	0.59	-0.520504
0.095	0.6	-0.522153
0.095	0.61	-0.523764
0.095	0.62	-0.525337
0.095	0.63	-0.526874
0.095	0.64	-0.528378
0.095	0.65	-0.529849
0.095	0.66	-0.531287
0.095	0.67	-0.532694
0.095	0.68	-0.53407
0.095	0.69	-0.535416
0.095	0.7	-0.536734
0.095	0.71	-0.538026
0.095	0.72	-0.539291
0.095	0.73	-0.540529
0.095	0.74	-0.541869
0.095	0.75	-0.54323
0.095	0.76	-0.54457
0.095	0.77	-0.545891
0.095	0.78	-0.547188
0.095	0.79	-0.548462
0.095	0.8	-0.549718
0.095	0.81	-0.550953
0.095	0.82	-0.552169
0.095	0.83	-0.553363
0.095	0.84	-0.554536
0.095	0.85	-0.555689
0.095	0.86	-0.556822
0.095	0.87	-0.557938
0.095	0.88	-0.559037
0.095	0.89	-0.560117
0.095	0.9	-0.561181
0.095	0.91	-0.562227
0.095	0.92	-0.563257
0.095	0.93	-0.564271
0.095	0.94	-0.565269
0.095	0.95	-0.566251
0.095	0.96	-0.567217
0.095	0.97	-0.568168
0.095	0.98	-0.569105
0.095	0.99	-0.570027
