0.005	0.05	-0.900595
0.005	0.06	-0.900645
0.005	0.07	-0.900691
0.005	0.08	-0.900732
0.005	0.09	-0.90077
0.005	0.1	-0.900805
0.005	0.11	-0.900838
0.005	0.12	-0.900869
0.005	0.13	-0.900898
0.005	0.14	-0.900926
0.005	0.15	-0.900952
0.005	0.16	-0.900977
0.005	0.17	-0.901001
0.005	0.18	-0.901024
0.005	0.19	-0.901046
0.005	0.2	-0.901067
0.005	0.21	-0.901088
0.005	0.22	-0.901107
0.005	0.23	-0.901126
0.005	0.24	-0.901144
0.005	0.25	-0.901162
0.005	0.26	-0.901179
0.005	0.27	-0.901196
0.005	0.28	-0.901212
0.005	0.29	-0.901227
0.005	0.3	-0.901243
0.005	0.31	-0.901257
0.005	0.32	-0.901272
0.005	0.33	-0.901286
0.005	0.34	-0.901299
0.005	0.35	-0.901312
0.005	0.36	-0.901325
0.005	0.37	-0.901338
0.005	0.38	-0.90135
0.005	0.39	-0.901362
0.005	0.4	-0.901374
0.005	0.41	-0.901385
0.005	0.42	-0.901397
0.005	0.43	-0.901408
0.005	0.44	-0.901418
0.005	0.45	-0.901429
0.005	0.46	-0.901439
0.005	0.47	-0.901449
0.005	0.48	-0.901459
0.005	0.49	-0.901469
0.005	0.5	-0.901478
0.005	0.51	-0.901487
0.005	0.52	-0.901496
0.005	0.53	-0.901505
0.005	0.54	-0.901514
0.005	0.55	-0.901522
0.005	0.56	-0.901531
0.005	0.57	-0.901539
0.005	0.58	-0.901547
0.005	0.59	-0.901555
0.005	0.6	-0.901563
0.005	0.61	-0.901571
0.005	0.62	-0.901578
0.005	0.63	-0.901585
0.005	0.64	-0.901593
0.005	0.65	-0.9016
0.005	0.66	-0.901607
0.005	0.67	-0.901614
0.005	0.68	-0.901621
0.005	0.69	-0.901627
0.005	0.7	-0.901634
0.005	0.71	-0.90164
0.005	0.72	-0.901647
0.005	0.73	-0.901653
0.005	0.74	-0.901659
0.005	0.75	-0.901665
0.005	0.76	-0.901671
0.005	0.77	-0.901677
0.005	0.78	-0.901682
0.005	0.79	-0.901688
0.005	0.8	-0.901694
0.005	0.81	-0.901699
0.005	0.82	-0.901705
0.005	0.83	-0.90171
0.005	0.84	-0.901715
0.005	0.85	-0.90172
0.005	0.86	-0.901725
0.005	0.87	-0.90173
0.005	0.88	-0.901735
0.005	0.89	-0.90174
0.005	0.9	-0.901745
0.005	0.91	-0.90175
0.005	0.92	-0.901754
0.005	0.93	-0.901759
0.005	0.94	-0.901763
0.005	0.95	-0.901768
0.005	0.96	-0.901772
0.005	0.97	-0.901776
0.005	0.98	-0.901781
0.005	0.99	-0.901785
0.01	0.05	-0.801204
0.01	0.06	-0.801307
0.01	0.07	-0.8014
0.01	0.08	-0.801485
0.01	0.09	-0.801564
0.01	0.1	-0.801637
0.01	0.11	-0.801705
0.01	0.12	-0.80177
0.01	0.13	-0.801831
0.01	0.14	-0.801888
0.01	0.15	-0.801943
0.01	0.16	-0.801996
0.01	0.17	-0.802046
0.01	0.18	-0.802095
0.01	0.19	-0.802141
0.01	0.2	-0.802186
0.01	0.21	-0.802229
0.01	0.22	-0.80227
0.01	0.23	-0.802311
0.01	0.24	-0.802349
0.01	0.25	-0.802387
0.01	0.26	-0.802424
0.01	0.27	-0.802459
0.01	0.28	-0.802494
0.01	0.29	-0.802527
0.01	0.3	-0.80256
0.01	0.31	-0.802591
0.01	0.32	-0.802622
0.01	0.33	-0.802652
0.01	0.34	-0.802682
0.01	0.35	-0.802711
0.01	0.36	-0.802739
0.01	0.37	-0.802766
0.01	0.38	-0.802793
0.01	0.39	-0.802819
0.01	0.4	-0.802845
0.01	0.41	-0.80287
0.01	0.42	-0.802894
0.01	0.43	-0.802918
0.01	0.44	-0.802942
0.01	0.45	-0.802965
0.01	0.46	-0.802987
0.01	0.47	-0.803009
0.01	0.48	-0.803031
0.01	0.49	-0.803053
0.01	0.5	-0.803073
0.01	0.51	-0.803094
0.01	0.52	-0.803114
0.01	0.53	-0.803134
0.01	0.54	-0.803153
0.01	0.55	-0.803173
0.01	0.56	-0.803191
0.01	0.57	-0.80321
0.01	0.58	-0.803228
0.01	0.59	-0.803246
0.01	0.6	-0.803263
0.01	0.61	-0.803281
0.01	0.62	-0.803298
0.01	0.63	-0.803314
0.01	0.64	-0.803331
0.01	0.65	-0.803347
0.01	0.66	-0.803363
0.01	0.67	-0.803379
0.01	0.68	-0.803394
0.01	0.69	-0.803409
0.01	0.7	-0.803424
0.01	0.71	-0.803439
0.01	0.72	-0.803454
0.01	0.73	-0.803468
0.01	0.74	-0.803482
0.01	0.75	-0.803496
0.01	0.76	-0.80351
0.01	0.77	-0.803523
0.01	0.78	-0.803537
0.01	0.79	-0.80355
0.01	0.8	-0.803563
0.01	0.81	-0.803576
0.01	0.82	-0.803588
0.01	0.83	-0.803601
0.01	0.84	-0.803613
0.01	0.85	-0.803625
0.01	0.86	-0.803637
0.01	0.87	-0.803649
0.01	0.88	-0.80366
0.01	0.89	-0.803672
0.01	0.9	-0.803683
0.01	0.91	-0.803694
0.01	0.92	-0.803705
0.01	0.93	-0.803716
0.01	0.94	-0.803727
0.01	0.95	-0.803737
0.01	0.96	-0.803748
0.01	0.97	-0.803758
0.01	0.98	-0.803768
0.01	0.99	-0.803779
0.015	0.05	-0.701827
0.015	0.06	-0.701986
0.015	0.07	-0.702129
0.015	0.08	-0.702261
0.015	0.09	-0.702382
0.015	0.1	-0.702496
0.015	0.11	-0.702602
0.015	0.12	-0.702703
0.015	0.13	-0.702798
0.015	0.14	-0.702888
0.015	0.15	-0.702975
0.015	0.16	-0.703057
0.015	0.17	-0.703137
0.015	0.18	-0.703213
0.015	0.19	-0.703286
0.015	0.2	-0.703357
0.015	0.21	-0.703425
0.015	0.22	-0.703491
0.015	0.23	-0.703555
0.015	0.24	-0.703617
0.015	0.25	-0.703677
0.015	0.26	-0.703735
0.015	0.27	-0.703792
0.015	0.28	-0.703847
0.015	0.29	-0.703901
0.015	0.3	-0.703953
0.015	0.31	-0.704004
0.015	0.32	-0.704054
0.015	0.33	-0.704103
0.015	0.34	-0.70415
0.015	0.35	-0.704197
0.015	0.36	-0.704242
0.015	0.37	-0.704287
0.015	0.38	-0.70433
0.015	0.39	-0.704373
0.015	0.4	-0.704415
0.015	0.41	-0.704456
0.015	0.42	-0.704496
0.015	0.43	-0.704535
0.015	0.44	-0.704574
0.015	0.45	-0.704612
0.015	0.46	-0.704649
0.015	0.47	-0.704685
0.015	0.48	-0.704721
0.015	0.49	-0.704756
0.015	0.5	-0.704791
0.015	0.51	-0.704825
0.015	0.52	-0.704859
0.015	0.53	-0.704891
0.015	0.54	-0.704924
0.015	0.55	-0.704956
0.015	0.56	-0.704987
0.015	0.57	-0.705018
0.015	0.58	-0.705048
0.015	0.59	-0.705078
0.015	0.6	-0.705108
0.015	0.61	-0.705137
0.015	0.62	-0.705165
0.015	0.63	-0.705193
0.015	0.64	-0.705221
0.015	0.65	-0.705248
0.015	0.66	-0.705275
0.015	0.67	-0.705302
0.015	0.68	-0.705328
0.015	0.69	-0.705354
0.015	0.7	-0.705379
0.015	0.71	-0.705405
0.015	0.72	-0.705429
0.015	0.73	-0.705454
0.015	0.74	-0.705478
0.015	0.75	-0.705502
0.015	0.76	-0.705525
0.015	0.77	-0.705549
0.015	0.78	-0.705572
0.015	0.79	-0.705594
0.015	0.8	-0.705617
0.015	0.81	-0.705639
0.015	0.82	-0.70566
0.015	0.83	-0.705682
0.015	0.84	-0.705703
0.015	0.85	-0.705724
0.015	0.86	-0.705745
0.015	0.87	-0.705765
0.015	0.88	-0.705786
0.015	0.89	-0.705806
0.015	0.9	-0.705826
0.015	0.91	-0.705845
0.015	0.92	-0.705864
0.015	0.93	-0.705884
0.015	0.94	-0.705902
0.015	0.95	-0.705921
0.015	0.96	-0.70594
0.015	0.97	-0.705958
0.015	0.98	-0.705976
0.015	0.99	-0.705994
0.02	0.05	-0.602464
0.02	0.06	-0.602681
0.02	0.07	-0.602877
0.02	0.08	-0.603058
0.02	0.09	-0.603225
0.02	0.1	-0.603382
0.02	0.11	-0.603529
0.02	0.12	-0.603668
0.02	0.13	-0.603801
0.02	0.14	-0.603926
0.02	0.15	-0.604047
0.02	0.16	-0.604162
0.02	0.17	-0.604273
0.02	0.18	-0.604379
0.02	0.19	-0.604482
0.02	0.2	-0.604581
0.02	0.21	-0.604677
0.02	0.22	-0.60477
0.02	0.23	-0.60486
0.02	0.24	-0.604948
0.02	0.25	-0.605033
0.02	0.26	-0.605115
0.02	0.27	-0.605196
0.02	0.28	-0.605274
0.02	0.29	-0.605351
0.02	0.3	-0.605426
0.02	0.31	-0.605498
0.02	0.32	-0.60557
0.02	0.33	-0.605639
0.02	0.34	-0.605707
0.02	0.35	-0.605774
0.02	0.36	-0.605839
0.02	0.37	-0.605903
0.02	0.38	-0.605966
0.02	0.39	-0.606028
0.02	0.4	-0.606088
0.02	0.41	-0.606147
0.02	0.42	-0.606205
0.02	0.43	-0.606262
0.02	0.44	-0.606318
0.02	0.45	-0.606373
0.02	0.46	-0.606427
0.02	0.47	-0.606481
0.02	0.48	-0.606533
0.02	0.49	-0.606584
0.02	0.5	-0.606635
0.02	0.51	-0.606685
0.02	0.52	-0.606734
0.02	0.53	-0.606782
0.02	0.54	-0.60683
0.02	0.55	-0.606877
0.02	0.56	-0.606923
0.02	0.57	-0.606969
0.02	0.58	-0.607013
0.02	0.59	-0.607058
0.02	0.6	-0.607101
0.02	0.61	-0.607144
0.02	0.62	-0.607187
0.02	0.63	-0.607229
0.02	0.64	-0.60727
0.02	0.65	-0.607311
0.02	0.66	-0.607351
0.02	0.67	-0.60739
0.02	0.68	-0.60743
0.02	0.69	-0.607468
0.02	0.7	-0.607507
0.02	0.71	-0.607544
0.02	0.72	-0.607582
0.02	0.73	-0.607618
0.02	0.74	-0.607655
0.02	0.75	-0.607691
0.02	0.76	-0.607726
0.02	0.77	-0.607761
0.02	0.78	-0.607796
0.02	0.79	-0.60783
0.02	0.8	-0.607864
0.02	0.81	-0.607898
0.02	0.82	-0.607931
0.02	0.83	-0.607964
0.02	0.84	-0.607996
0.02	0.85	-0.608028
0.02	0.86	-0.60806
0.02	0.87	-0.608091
0.02	0.88	-0.608122
0.02	0.89	-0.608153
0.02	0.9	-0.608183
0.02	0.91	-0.608213
0.02	0.92	-0.608243
0.02	0.93	-0.608273
0.02	0.94	-0.608302
0.02	0.95	-0.608331
0.02	0.96	-0.608359
0.02	0.97	-0.608387
0.02	0.98	-0.608415
0.02	0.99	-0.608443
0.025	0.05	-0.503115
0.025	0.06	-0.503393
0.025	0.07	-0.503645
0.025	0.08	-0.503878
0.025	0.09	-0.504094
0.025	0.1	-0.504296
0.025	0.11	-0.504487
0.025	0.12	-0.504668
0.025	0.13	-0.504839
0.025	0.14	-0.505003
0.025	0.15	-0.50516
0.025	0.16	-0.505311
0.025	0.17	-0.505456
0.025	0.18	-0.505595
0.025	0.19	-0.50573
0.025	0.2	-0.50586
0.025	0.21	-0.505987
0.025	0.22	-0.506109
0.025	0.23	-0.506228
0.025	0.24	-0.506344
0.025	0.25	-0.506456
0.025	0.26	-0.506566
0.025	0.27	-0.506673
0.025	0.28	-0.506777
0.025	0.29	-0.506879
0.025	0.3	-0.506978
0.025	0.31	-0.507076
0.025	0.32	-0.507171
0.025	0.33	-0.507264
0.025	0.34	-0.507355
0.025	0.35	-0.507445
0.025	0.36	-0.507532
0.025	0.37	-0.507618
0.025	0.38	-0.507703
0.025	0.39	-0.507786
0.025	0.4	-0.507867
0.025	0.41	-0.507947
0.025	0.42	-0.508026
0.025	0.43	-0.508103
0.025	0.44	-0.508179
0.025	0.45	-0.508254
0.025	0.46	-0.508327
0.025	0.47	-0.508399
0.025	0.48	-0.508471
0.025	0.49	-0.508541
0.025	0.5	-0.50861
0.025	0.51	-0.508678
0.025	0.52	-0.508745
0.025	0.53	-0.508811
0.025	0.54	-0.508877
0.025	0.55	-0.508941
0.025	0.56	-0.509005
0.025	0.57	-0.509067
0.025	0.58	-0.509129
0.025	0.59	-0.50919
0.025	0.6	-0.50925
0.025	0.61	-0.50931
0.025	0.62	-0.509368
0.025	0.63	-0.509426
0.025	0.64	-0.509483
0.025	0.65	-0.50954
0.025	0.66	-0.509596
0.025	0.67	-0.509651
0.025	0.68	-0.509706
0.025	0.69	-0.50976
0.025	0.7	-0.509813
0.025	0.71	-0.509866
0.025	0.72	-0.509918
0.025	0.73	-0.509969
0.025	0.74	-0.51002
0.025	0.75	-0.510071
0.025	0.76	-0.51012
0.025	0.77	-0.51017
0.025	0.78	-0.510219
0.025	0.79	-0.510267
0.025	0.8	-0.510315
0.025	0.81	-0.510362
0.025	0.82	-0.510409
0.025	0.83	-0.510455
0.025	0.84	-0.510501
0.025	0.85	-0.510547
0.025	0.86	-0.510592
0.025	0.87	-0.510636
0.025	0.88	-0.51068
0.025	0.89	-0.510724
0.025	0.9	-0.510767
0.025	0.91	-0.51081
0.025	0.92	-0.510852
0.025	0.93	-0.510895
0.025	0.94	-0.510936
0.025	0.95	-0.510978
0.025	0.96	-0.511018
0.025	0.97	-0.511059
0.025	0.98	-0.511099
0.025	0.99	-0.511139
0.03	0.05	-0.403781
0.03	0.06	-0.404122
0.03	0.07	-0.404433
0.03	0.08	-0.40472
0.03	0.09	-0.404988
0.03	0.1	-0.405239
0.03	0.11	-0.405476
0.03	0.12	-0.405701
0.03	0.13	-0.405915
0.03	0.14	-0.406119
0.03	0.15	-0.406316
0.03	0.16	-0.406504
0.03	0.17	-0.406686
0.03	0.18	-0.406861
0.03	0.19	-0.407031
0.03	0.2	-0.407195
0.03	0.21	-0.407355
0.03	0.22	-0.407509
0.03	0.23	-0.40766
0.03	0.24	-0.407806
0.03	0.25	-0.407949
0.03	0.26	-0.408088
0.03	0.27	-0.408224
0.03	0.28	-0.408357
0.03	0.29	-0.408487
0.03	0.3	-0.408614
0.03	0.31	-0.408738
0.03	0.32	-0.40886
0.03	0.33	-0.408979
0.03	0.34	-0.409096
0.03	0.35	-0.409211
0.03	0.36	-0.409324
0.03	0.37	-0.409435
0.03	0.38	-0.409543
0.03	0.39	-0.40965
0.03	0.4	-0.409755
0.03	0.41	-0.409859
0.03	0.42	-0.40996
0.03	0.43	-0.41006
0.03	0.44	-0.410159
0.03	0.45	-0.410256
0.03	0.46	-0.410351
0.03	0.47	-0.410446
0.03	0.48	-0.410538
0.03	0.49	-0.41063
0.03	0.5	-0.41072
0.03	0.51	-0.410809
0.03	0.52	-0.410897
0.03	0.53	-0.410984
0.03	0.54	-0.411069
0.03	0.55	-0.411153
0.03	0.56	-0.411237
0.03	0.57	-0.411319
0.03	0.58	-0.4114
0.03	0.59	-0.411481
0.03	0.6	-0.41156
0.03	0.61	-0.411638
0.03	0.62	-0.411716
0.03	0.63	-0.411792
0.03	0.64	-0.411868
0.03	0.65	-0.411943
0.03	0.66	-0.412017
0.03	0.67	-0.41209
0.03	0.68	-0.412163
0.03	0.69	-0.412234
0.03	0.7	-0.412305
0.03	0.71	-0.412376
0.03	0.72	-0.412445
0.03	0.73	-0.412514
0.03	0.74	-0.412582
0.03	0.75	-0.412649
0.03	0.76	-0.412716
0.03	0.77	-0.412782
0.03	0.78	-0.412848
0.03	0.79	-0.412912
0.03	0.8	-0.412977
0.03	0.81	-0.41304
0.03	0.82	-0.413103
0.03	0.83	-0.413166
0.03	0.84	-0.413227
0.03	0.85	-0.413289
0.03	0.86	-0.413349
0.03	0.87	-0.41341
0.03	0.88	-0.413469
0.03	0.89	-0.413528
0.03	0.9	-0.413587
0.03	0.91	-0.413645
0.03	0.92	-0.413703
0.03	0.93	-0.41376
0.03	0.94	-0.413817
0.03	0.95	-0.413873
0.03	0.96	-0.413929
0.03	0.97	-0.413984
0.03	0.98	-0.414039
0.03	0.99	-0.414093
0.035	0.05	-0.30446
0.035	0.06	-0.304869
0.035	0.07	-0.305241
0.035	0.08	-0.305586
0.035	0.09	-0.305908
0.035	0.1	-0.30621
0.035	0.11	-0.306496
0.035	0.12	-0.306768
0.035	0.13	-0.307027
0.035	0.14	-0.307275
0.035	0.15	-0.307514
0.035	0.16	-0.307743
0.035	0.17	-0.307965
0.035	0.18	-0.308179
0.035	0.19	-0.308386
0.035	0.2	-0.308587
0.035	0.21	-0.308782
0.035	0.22	-0.308972
0.035	0.23	-0.309157
0.035	0.24	-0.309337
0.035	0.25	-0.309513
0.035	0.26	-0.309684
0.035	0.27	-0.309852
0.035	0.28	-0.310016
0.035	0.29	-0.310177
0.035	0.3	-0.310334
0.035	0.31	-0.310488
0.035	0.32	-0.310639
0.035	0.33	-0.310787
0.035	0.34	-0.310933
0.035	0.35	-0.311076
0.035	0.36	-0.311217
0.035	0.37	-0.311355
0.035	0.38	-0.31149
0.035	0.39	-0.311624
0.035	0.4	-0.311756
0.035	0.41	-0.311885
0.035	0.42	-0.312012
0.035	0.43	-0.312138
0.035	0.44	-0.312262
0.035	0.45	-0.312384
0.035	0.46	-0.312504
0.035	0.47	-0.312623
0.035	0.48	-0.31274
0.035	0.49	-0.312855
0.035	0.5	-0.312969
0.035	0.51	-0.313082
0.035	0.52	-0.313193
0.035	0.53	-0.313303
0.035	0.54	-0.313411
0.035	0.55	-0.313518
0.035	0.56	-0.313624
0.035	0.57	-0.313729
0.035	0.58	-0.313832
0.035	0.59	-0.313935
0.035	0.6	-0.314036
0.035	0.61	-0.314136
0.035	0.62	-0.314235
0.035	0.63	-0.314333
0.035	0.64	-0.31443
0.035	0.65	-0.314526
0.035	0.66	-0.314621
0.035	0.67	-0.314715
0.035	0.68	-0.314808
0.035	0.69	-0.3149
0.035	0.7	-0.314991
0.035	0.71	-0.315081
0.035	0.72	-0.315171
0.035	0.73	-0.315259
0.035	0.74	-0.315347
0.035	0.75	-0.315434
0.035	0.76	-0.315521
0.035	0.77	-0.315606
0.035	0.78	-0.315691
0.035	0.79	-0.315775
0.035	0.8	-0.315858
0.035	0.81	-0.315941
0.035	0.82	-0.316022
0.035	0.83	-0.316103
0.035	0.84	-0.316184
0.035	0.85	-0.316264
0.035	0.86	-0.316343
0.035	0.87	-0.316421
0.035	0.88	-0.316499
0.035	0.89	-0.316576
0.035	0.9	-0.316653
0.035	0.91	-0.316729
0.035	0.92	-0.316805
0.035	0.93	-0.316879
0.035	0.94	-0.316954
0.035	0.95	-0.317028
0.035	0.96	-0.317101
0.035	0.97	-0.317173
0.035	0.98	-0.317245
0.035	0.99	-0.317317
0.04	0.05	-0.205155
0.04	0.06	-0.205633
0.04	0.07	-0.20607
0.04	0.08	-0.206475
0.04	0.09	-0.206853
0.04	0.1	-0.20721
0.04	0.11	-0.207548
0.04	0.12	-0.20787
0.04	0.13	-0.208177
0.04	0.14	-0.208472
0.04	0.15	-0.208755
0.04	0.16	-0.209028
0.04	0.17	-0.209292
0.04	0.18	-0.209548
0.04	0.19	-0.209795
0.04	0.2	-0.210036
0.04	0.21	-0.21027
0.04	0.22	-0.210498
0.04	0.23	-0.21072
0.04	0.24	-0.210937
0.04	0.25	-0.211148
0.04	0.26	-0.211355
0.04	0.27	-0.211557
0.04	0.28	-0.211756
0.04	0.29	-0.21195
0.04	0.3	-0.21214
0.04	0.31	-0.212327
0.04	0.32	-0.21251
0.04	0.33	-0.21269
0.04	0.34	-0.212867
0.04	0.35	-0.213041
0.04	0.36	-0.213212
0.04	0.37	-0.213381
0.04	0.38	-0.213547
0.04	0.39	-0.21371
0.04	0.4	-0.21387
0.04	0.41	-0.214029
0.04	0.42	-0.214185
0.04	0.43	-0.214339
0.04	0.44	-0.214491
0.04	0.45	-0.214641
0.04	0.46	-0.214789
0.04	0.47	-0.214935
0.04	0.48	-0.215079
0.04	0.49	-0.215221
0.04	0.5	-0.215362
0.04	0.51	-0.215501
0.04	0.52	-0.215638
0.04	0.53	-0.215774
0.04	0.54	-0.215908
0.04	0.55	-0.216041
0.04	0.56	-0.216172
0.04	0.57	-0.216302
0.04	0.58	-0.21643
0.04	0.59	-0.216557
0.04	0.6	-0.216683
0.04	0.61	-0.216808
0.04	0.62	-0.216931
0.04	0.63	-0.217053
0.04	0.64	-0.217174
0.04	0.65	-0.217294
0.04	0.66	-0.217412
0.04	0.67	-0.21753
0.04	0.68	-0.217646
0.04	0.69	-0.217762
0.04	0.7	-0.217876
0.04	0.71	-0.217989
0.04	0.72	-0.218102
0.04	0.73	-0.218213
0.04	0.74	-0.218323
0.04	0.75	-0.218433
0.04	0.76	-0.218542
0.04	0.77	-0.218649
0.04	0.78	-0.218756
0.04	0.79	-0.218862
0.04	0.8	-0.218967
0.04	0.81	-0.219071
0.04	0.82	-0.219175
0.04	0.83	-0.219277
0.04	0.84	-0.219379
0.04	0.85	-0.21948
0.04	0.86	-0.219581
0.04	0.87	-0.21968
0.04	0.88	-0.219779
0.04	0.89	-0.219877
0.04	0.9	-0.219975
0.04	0.91	-0.220071
0.04	0.92	-0.220167
0.04	0.93	-0.220263
0.04	0.94	-0.220358
0.04	0.95	-0.220452
0.04	0.96	-0.220545
0.04	0.97	-0.220638
0.04	0.98	-0.22073
0.04	0.99	-0.220822
0.045	0.05	-0.105864
0.045	0.06	-0.106414
0.045	0.07	-0.106919
0.045	0.08	-0.107387
0.045	0.09	-0.107826
0.045	0.1	-0.10824
0.045	0.11	-0.108632
0.045	0.12	-0.109007
0.045	0.13	-0.109365
0.045	0.14	-0.109709
0.045	0.15	-0.110041
0.045	0.16	-0.110361
0.045	0.17	-0.11067
0.045	0.18	-0.11097
0.045	0.19	-0.111261
0.045	0.2	-0.111544
0.045	0.21	-0.11182
0.045	0.22	-0.112089
0.045	0.23	-0.112351
0.045	0.24	-0.112607
0.045	0.25	-0.112858
0.045	0.26	-0.113104
0.045	0.27	-0.113344
0.045	0.28	-0.113581
0.045	0.29	-0.113813
0.045	0.3	-0.11404
0.045	0.31	-0.114265
0.045	0.32	-0.114486
0.045	0.33	-0.114703
0.045	0.34	-0.114918
0.045	0.35	-0.115131
0.045	0.36	-0.11534
0.045	0.37	-0.115547
0.045	0.38	-0.115751
0.045	0.39	-0.115956
0.045	0.4	-0.116159
0.045	0.41	-0.116358
0.045	0.42	-0.116553
0.045	0.43	-0.11675
0.045	0.44	-0.11695
0.045	0.45	-0.117147
0.045	0.46	-0.11734
0.045	0.47	-0.11753
0.045	0.48	-0.117718
0.045	0.49	-0.117911
0.045	0.5	-0.118108
0.045	0.51	-0.118302
0.045	0.52	-0.118493
0.045	0.53	-0.118681
0.045	0.54	-0.118865
0.045	0.55	-0.119047
0.045	0.56	-0.119233
0.045	0.57	-0.119432
0.045	0.58	-0.119628
0.045	0.59	-0.11982
0.045	0.6	-0.120009
0.045	0.61	-0.120195
0.045	0.62	-0.120378
0.045	0.63	-0.120558
0.045	0.64	-0.120735
0.045	0.65	-0.120915
0.045	0.66	-0.121116
0.045	0.67	-0.121315
0.045	0.68	-0.121509
0.045	0.69	-0.121701
0.045	0.7	-0.121889
0.045	0.71	-0.122075
0.045	0.72	-0.122257
0.045	0.73	-0.122437
0.045	0.74	-0.122614
0.045	0.75	-0.122788
0.045	0.76	-0.122959
0.045	0.77	-0.123141
0.045	0.78	-0.123343
0.045	0.79	-0.123541
0.045	0.8	-0.123737
0.045	0.81	-0.123929
0.045	0.82	-0.124118
0.045	0.83	-0.124304
0.045	0.84	-0.124488
0.045	0.85	-0.124668
0.045	0.86	-0.124846
0.045	0.87	-0.125022
0.045	0.88	-0.125195
0.045	0.89	-0.125365
0.045	0.9	-0.125533
0.045	0.91	-0.125699
0.045	0.92	-0.125862
0.045	0.93	-0.126045
0.045	0.94	-0.126242
0.045	0.95	-0.126435
0.045	0.96	-0.126626
0.045	0.97	-0.126815
0.045	0.98	-0.127
0.045	0.99	-0.127183
0.05	0.05	-0.0295193
0.05	0.06	-0.0315663
0.05	0.07	-0.0334802
0.05	0.08	-0.0352502
0.05	0.09	-0.0368383
0.05	0.1	-0.0382742
0.05	0.11	-0.0395811
0.05	0.12	-0.0407765
0.05	0.13	-0.0420168
0.05	0.14	-0.0431957
0.05	0.15	-0.0443019
0.05	0.16	-0.0453427
0.05	0.17	-0.0463244
0.05	0.18	-0.0472522
0.05	0.19	-0.0481308
0.05	0.2	-0.0489642
0.05	0.21	-0.0497559
0.05	0.22	-0.0505092
0.05	0.23	-0.051269
0.05	0.24	-0.052059
0.05	0.25	-0.0528198
0.05	0.26	-0.0535527
0.05	0.27	-0.0542594
0.05	0.28	-0.0549412
0.05	0.29	-0.0555994
0.05	0.3	-0.0562352
0.05	0.31	-0.0568499
0.05	0.32	-0.057445
0.05	0.33	-0.0580213
0.05	0.34	-0.0585798
0.05	0.35	-0.0591212
0.05	0.36	-0.059646
0.05	0.37	-0.0601551
0.05	0.38	-0.0606491
0.05	0.39	-0.0611288
0.05	0.4	-0.0615948
0.05	0.41	-0.0620478
0.05	0.42	-0.0625488
0.05	0.43	-0.0630459
0.05	0.44	-0.0635325
0.05	0.45	-0.064008
0.05	0.46	-0.0644729
0.05	0.47	-0.0649276
0.05	0.48	-0.0653725
0.05	0.49	-0.065808
0.05	0.5	-0.0662344
0.05	0.51	-0.0666518
0.05	0.52	-0.0670606
0.05	0.53	-0.067461
0.05	0.54	-0.0678534
0.05	0.55	-0.068238
0.05	0.56	-0.0686152
0.05	0.57	-0.0689851
0.05	0.58	-0.0693479
0.05	0.59	-0.0697037
0.05	0.6	-0.070053
0.05	0.61	-0.0703957
0.05	0.62	-0.070732
0.05	0.63	-0.0710619
0.05	0.64	-0.0713858
0.05	0.65	-0.0717039
0.05	0.66	-0.0720162
0.05	0.67	-0.072323
0.05	0.68	-0.0726243
0.05	0.69	-0.0729203
0.05	0.7	-0.0732112
0.05	0.71	-0.0734971
0.05	0.72	-0.0737781
0.05	0.73	-0.0740545
0.05	0.74	-0.0743587
0.05	0.75	-0.0746692
0.05	0.76	-0.0749756
0.05	0.77	-0.075278
0.05	0.78	-0.0755762
0.05	0.79	-0.0758701
0.05	0.8	-0.0761602
0.05	0.81	-0.0764464
0.05	0.82	-0.0767286
0.05	0.83	-0.0770071
0.05	0.84	-0.0772819
0.05	0.85	-0.0775531
0.05	0.86	-0.077821
0.05	0.87	-0.0780853
0.05	0.88	-0.0783462
0.05	0.89	-0.0786037
0.05	0.9	-0.0788581
0.05	0.91	-0.0791092
0.05	0.92	-0.0793571
0.05	0.93	-0.0796018
0.05	0.94	-0.0798436
0.05	0.95	-0.0800823
0.05	0.96	-0.080318
0.05	0.97	-0.080551
0.05	0.98	-0.080781
0.05	0.99	-0.0810083
0.055	0.05	-0.0230801
0.055	0.06	-0.0247179
0.055	0.07	-0.0261398
0.055	0.08	-0.0275233
0.055	0.09	-0.0287898
0.055	0.1	-0.0299482
0.055	0.11	-0.0310148
0.055	0.12	-0.0320015
0.055	0.13	-0.0329186
0.055	0.14	-0.0337739
0.055	0.15	-0.0345746
0.055	0.16	-0.0353314
0.055	0.17	-0.0361205
0.055	0.18	-0.0368751
0.055	0.19	-0.0375954
0.055	0.2	-0.0382837
0.055	0.21	-0.038943
0.055	0.22	-0.0395749
0.055	0.23	-0.0401811
0.055	0.24	-0.0407636
0.055	0.25	-0.0413237
0.055	0.26	-0.0418629
0.055	0.27	-0.0423822
0.055	0.28	-0.042883
0.055	0.29	-0.0433665
0.055	0.3	-0.0438337
0.055	0.31	-0.0442854
0.055	0.32	-0.0447224
0.055	0.33	-0.0451456
0.055	0.34	-0.0455577
0.055	0.35	-0.0459986
0.055	0.36	-0.0464333
0.055	0.37	-0.0468576
0.055	0.38	-0.0472723
0.055	0.39	-0.0476772
0.055	0.4	-0.0480724
0.055	0.41	-0.0484586
0.055	0.42	-0.0488357
0.055	0.43	-0.0492041
0.055	0.44	-0.0495639
0.055	0.45	-0.0499159
0.055	0.46	-0.0502604
0.055	0.47	-0.0505974
0.055	0.48	-0.050927
0.055	0.49	-0.0512495
0.055	0.5	-0.0515655
0.055	0.51	-0.0518751
0.055	0.52	-0.0521784
0.055	0.53	-0.0524756
0.055	0.54	-0.0527669
0.055	0.55	-0.0530526
0.055	0.56	-0.0533328
0.055	0.57	-0.0536077
0.055	0.58	-0.0538773
0.055	0.59	-0.0541418
0.055	0.6	-0.0544013
0.055	0.61	-0.054656
0.055	0.62	-0.054906
0.055	0.63	-0.0551514
0.055	0.64	-0.0553925
0.055	0.65	-0.0556293
0.055	0.66	-0.0558619
0.055	0.67	-0.0560905
0.055	0.68	-0.0563152
0.055	0.69	-0.0565359
0.055	0.7	-0.0567674
0.055	0.71	-0.057006
0.055	0.72	-0.0572432
0.055	0.73	-0.0574778
0.055	0.74	-0.0577101
0.055	0.75	-0.0579393
0.055	0.76	-0.0581655
0.055	0.77	-0.0583885
0.055	0.78	-0.0586091
0.055	0.79	-0.0588267
0.055	0.8	-0.0590412
0.055	0.81	-0.0592528
0.055	0.82	-0.0594616
0.055	0.83	-0.0596676
0.055	0.84	-0.0598709
0.055	0.85	-0.0600716
0.055	0.86	-0.0602698
0.055	0.87	-0.0604655
0.055	0.88	-0.0606588
0.055	0.89	-0.06085
0.055	0.9	-0.0610388
0.055	0.91	-0.0612253
0.055	0.92	-0.0614094
0.055	0.93	-0.0615912
0.055	0.94	-0.0617709
0.055	0.95	-0.0619483
0.055	0.96	-0.0621235
0.055	0.97	-0.0622966
0.055	0.98	-0.0624676
0.055	0.99	-0.0626368
0.06	0.05	-0.0202484
0.06	0.06	-0.0216253
0.06	0.07	-0.0229076
0.06	0.08	-0.0240494
0.06	0.09	-0.0250775
0.06	0.1	-0.0260105
0.06	0.11	-0.0268628
0.06	0.12	-0.0276457
0.06	0.13	-0.0283781
0.06	0.14	-0.0291264
0.06	0.15	-0.0298332
0.06	0.16	-0.0305005
0.06	0.17	-0.0311333
0.06	0.18	-0.0317329
0.06	0.19	-0.0323022
0.06	0.2	-0.032844
0.06	0.21	-0.0333606
0.06	0.22	-0.0338541
0.06	0.23	-0.0343259
0.06	0.24	-0.0347773
0.06	0.25	-0.0352104
0.06	0.26	-0.0356261
0.06	0.27	-0.0360252
0.06	0.28	-0.0364088
0.06	0.29	-0.036807
0.06	0.3	-0.0372058
0.06	0.31	-0.0375944
0.06	0.32	-0.0379716
0.06	0.33	-0.0383382
0.06	0.34	-0.0386945
0.06	0.35	-0.0390408
0.06	0.36	-0.0393774
0.06	0.37	-0.0397049
0.06	0.38	-0.0400233
0.06	0.39	-0.0403334
0.06	0.4	-0.0406359
0.06	0.41	-0.0409307
0.06	0.42	-0.041218
0.06	0.43	-0.0414982
0.06	0.44	-0.0417714
0.06	0.45	-0.0420379
0.06	0.46	-0.0422981
0.06	0.47	-0.0425522
0.06	0.48	-0.0428007
0.06	0.49	-0.0430435
0.06	0.5	-0.0432809
0.06	0.51	-0.043513
0.06	0.52	-0.0437399
0.06	0.53	-0.0439617
0.06	0.54	-0.0441787
0.06	0.55	-0.044391
0.06	0.56	-0.0445988
0.06	0.57	-0.0448022
0.06	0.58	-0.0450015
0.06	0.59	-0.0451969
0.06	0.6	-0.0453903
0.06	0.61	-0.0455955
0.06	0.62	-0.0458007
0.06	0.63	-0.0460051
0.06	0.64	-0.0462062
0.06	0.65	-0.0464037
0.06	0.66	-0.0465987
0.06	0.67	-0.0467909
0.06	0.68	-0.04698
0.06	0.69	-0.0471663
0.06	0.7	-0.0473495
0.06	0.71	-0.0475298
0.06	0.72	-0.0477073
0.06	0.73	-0.047882
0.06	0.74	-0.0480545
0.06	0.75	-0.0482246
0.06	0.76	-0.0483922
0.06	0.77	-0.0485574
0.06	0.78	-0.0487202
0.06	0.79	-0.0488806
0.06	0.8	-0.0490386
0.06	0.81	-0.0491943
0.06	0.82	-0.0493477
0.06	0.83	-0.0494989
0.06	0.84	-0.049648
0.06	0.85	-0.0497951
0.06	0.86	-0.0499401
0.06	0.87	-0.0500831
0.06	0.88	-0.0502241
0.06	0.89	-0.0503632
0.06	0.9	-0.0505006
0.06	0.91	-0.0506362
0.06	0.92	-0.0507699
0.06	0.93	-0.0509018
0.06	0.94	-0.051032
0.06	0.95	-0.0511605
0.06	0.96	-0.0512874
0.06	0.97	-0.0514126
0.06	0.98	-0.0515362
0.06	0.99	-0.0516583
0.065	0.05	-0.0184316
0.065	0.06	-0.0196105
0.065	0.07	-0.020683
0.065	0.08	-0.0216788
0.065	0.09	-0.0225748
0.065	0.1	-0.023386
0.065	0.11	-0.0241258
0.065	0.12	-0.0248049
0.065	0.13	-0.0254306
0.065	0.14	-0.0260104
0.065	0.15	-0.0265771
0.065	0.16	-0.0271415
0.065	0.17	-0.0276767
0.065	0.18	-0.0281843
0.065	0.19	-0.0286657
0.065	0.2	-0.0291234
0.065	0.21	-0.0295593
0.065	0.22	-0.0299754
0.065	0.23	-0.0303728
0.065	0.24	-0.0307527
0.065	0.25	-0.0311162
0.065	0.26	-0.0314646
0.065	0.27	-0.0317993
0.065	0.28	-0.0321207
0.065	0.29	-0.0324297
0.065	0.3	-0.0327267
0.065	0.31	-0.0330126
0.065	0.32	-0.0332951
0.065	0.33	-0.0335896
0.065	0.34	-0.0338798
0.065	0.35	-0.0341617
0.065	0.36	-0.0344365
0.065	0.37	-0.0347034
0.065	0.38	-0.0349628
0.065	0.39	-0.0352152
0.065	0.4	-0.0354611
0.065	0.41	-0.0357009
0.065	0.42	-0.0359343
0.065	0.43	-0.0361618
0.065	0.44	-0.0363837
0.065	0.45	-0.0366
0.065	0.46	-0.0368109
0.065	0.47	-0.0370167
0.065	0.48	-0.0372176
0.065	0.49	-0.0374136
0.065	0.5	-0.0376051
0.065	0.51	-0.0377921
0.065	0.52	-0.037975
0.065	0.53	-0.0381539
0.065	0.54	-0.0383289
0.065	0.55	-0.0384999
0.065	0.56	-0.0386671
0.065	0.57	-0.0388308
0.065	0.58	-0.0389911
0.065	0.59	-0.0391478
0.065	0.6	-0.0393014
0.065	0.61	-0.0394519
0.065	0.62	-0.0395992
0.065	0.63	-0.0397435
0.065	0.64	-0.0398851
0.065	0.65	-0.0400238
0.065	0.66	-0.0401597
0.065	0.67	-0.0402931
0.065	0.68	-0.0404239
0.065	0.69	-0.0405607
0.065	0.7	-0.0406993
0.065	0.71	-0.0408376
0.065	0.72	-0.0409735
0.065	0.73	-0.0411084
0.065	0.74	-0.0412415
0.065	0.75	-0.0413726
0.065	0.76	-0.0415017
0.065	0.77	-0.0416289
0.065	0.78	-0.0417543
0.065	0.79	-0.0418781
0.065	0.8	-0.0420004
0.065	0.81	-0.0421208
0.065	0.82	-0.0422394
0.065	0.83	-0.042356
0.065	0.84	-0.042471
0.065	0.85	-0.0425843
0.065	0.86	-0.042696
0.065	0.87	-0.0428061
0.065	0.88	-0.0429148
0.065	0.89	-0.0430219
0.065	0.9	-0.0431275
0.065	0.91	-0.0432315
0.065	0.92	-0.043334
0.065	0.93	-0.043435
0.065	0.94	-0.0435347
0.065	0.95	-0.0436331
0.065	0.96	-0.0437303
0.065	0.97	-0.0438262
0.065	0.98	-0.0439208
0.065	0.99	-0.0440142
0.07	0.05	-0.0170378
0.07	0.06	-0.0181295
0.07	0.07	-0.0190671
0.07	0.08	-0.0198852
0.07	0.09	-0.0206331
0.07	0.1	-0.0213595
0.07	0.11	-0.0220254
0.07	0.12	-0.0226369
0.07	0.13	-0.0232018
0.07	0.14	-0.0237257
0.07	0.15	-0.0242129
0.07	0.16	-0.0246674
0.07	0.17	-0.0250932
0.07	0.18	-0.0254926
0.07	0.19	-0.025868
0.07	0.2	-0.0262498
0.07	0.21	-0.0266272
0.07	0.22	-0.0269887
0.07	0.23	-0.027334
0.07	0.24	-0.0276642
0.07	0.25	-0.0279812
0.07	0.26	-0.0282852
0.07	0.27	-0.0285769
0.07	0.28	-0.0288572
0.07	0.29	-0.0291267
0.07	0.3	-0.029386
0.07	0.31	-0.0296356
0.07	0.32	-0.0298762
0.07	0.33	-0.0301084
0.07	0.34	-0.0303327
0.07	0.35	-0.0305492
0.07	0.36	-0.0307584
0.07	0.37	-0.0309608
0.07	0.38	-0.0311565
0.07	0.39	-0.0313461
0.07	0.4	-0.0315297
0.07	0.41	-0.0317077
0.07	0.42	-0.0318805
0.07	0.43	-0.0320624
0.07	0.44	-0.0322442
0.07	0.45	-0.0324219
0.07	0.46	-0.0325965
0.07	0.47	-0.0327665
0.07	0.48	-0.0329325
0.07	0.49	-0.0330952
0.07	0.5	-0.0332549
0.07	0.51	-0.0334106
0.07	0.52	-0.0335626
0.07	0.53	-0.033711
0.07	0.54	-0.0338561
0.07	0.55	-0.033998
0.07	0.56	-0.0341371
0.07	0.57	-0.034273
0.07	0.58	-0.0344059
0.07	0.59	-0.0345358
0.07	0.6	-0.0346632
0.07	0.61	-0.0347881
0.07	0.62	-0.0349103
0.07	0.63	-0.03503
0.07	0.64	-0.0351474
0.07	0.65	-0.0352623
0.07	0.66	-0.0353749
0.07	0.67	-0.0354853
0.07	0.68	-0.0355936
0.07	0.69	-0.0356999
0.07	0.7	-0.0358041
0.07	0.71	-0.0359062
0.07	0.72	-0.0360064
0.07	0.73	-0.0361046
0.07	0.74	-0.0362011
0.07	0.75	-0.0362958
0.07	0.76	-0.0363887
0.07	0.77	-0.03648
0.07	0.78	-0.0365697
0.07	0.79	-0.0366577
0.07	0.8	-0.0367441
0.07	0.81	-0.0368289
0.07	0.82	-0.0369123
0.07	0.83	-0.0369942
0.07	0.84	-0.0370746
0.07	0.85	-0.0371536
0.07	0.86	-0.0372313
0.07	0.87	-0.0373076
0.07	0.88	-0.0373827
0.07	0.89	-0.0374564
0.07	0.9	-0.037529
0.07	0.91	-0.0376003
0.07	0.92	-0.0376704
0.07	0.93	-0.0377441
0.07	0.94	-0.0378181
0.07	0.95	-0.037891
0.07	0.96	-0.0379652
0.07	0.97	-0.0380386
0.07	0.98	-0.0381109
0.07	0.99	-0.0381821
0.075	0.05	-0.0159071
0.075	0.06	-0.0168501
0.075	0.07	-0.017726
0.075	0.08	-0.0184959
0.075	0.09	-0.01918
0.075	0.1	-0.0197928
0.075	0.11	-0.0203457
0.075	0.12	-0.020848
0.075	0.13	-0.0213153
0.075	0.14	-0.0217867
0.075	0.15	-0.02223
0.075	0.16	-0.0226444
0.075	0.17	-0.0230341
0.075	0.18	-0.0234005
0.075	0.19	-0.0237459
0.075	0.2	-0.024072
0.075	0.21	-0.0243804
0.075	0.22	-0.0246726
0.075	0.23	-0.0249502
0.075	0.24	-0.025214
0.075	0.25	-0.025465
0.075	0.26	-0.0257042
0.075	0.27	-0.0259325
0.075	0.28	-0.0261505
0.075	0.29	-0.0263747
0.075	0.3	-0.0265981
0.075	0.31	-0.0268156
0.075	0.32	-0.0270251
0.075	0.33	-0.0272277
0.075	0.34	-0.0274247
0.075	0.35	-0.0276149
0.075	0.36	-0.0277985
0.075	0.37	-0.027976
0.075	0.38	-0.0281482
0.075	0.39	-0.028315
0.075	0.4	-0.0284764
0.075	0.41	-0.0286332
0.075	0.42	-0.0287852
0.075	0.43	-0.0289328
0.075	0.44	-0.029076
0.075	0.45	-0.0292151
0.075	0.46	-0.0293503
0.075	0.47	-0.0294818
0.075	0.48	-0.0296096
0.075	0.49	-0.0297338
0.075	0.5	-0.0298546
0.075	0.51	-0.0299722
0.075	0.52	-0.0300867
0.075	0.53	-0.0301983
0.075	0.54	-0.030307
0.075	0.55	-0.0304129
0.075	0.56	-0.030516
0.075	0.57	-0.0306165
0.075	0.58	-0.0307144
0.075	0.59	-0.03081
0.075	0.6	-0.0309032
0.075	0.61	-0.0309941
0.075	0.62	-0.0310829
0.075	0.63	-0.0311733
0.075	0.64	-0.0312653
0.075	0.65	-0.0313572
0.075	0.66	-0.0314487
0.075	0.67	-0.0315383
0.075	0.68	-0.031626
0.075	0.69	-0.0317121
0.075	0.7	-0.0317975
0.075	0.71	-0.0318812
0.075	0.72	-0.0319633
0.075	0.73	-0.0320437
0.075	0.74	-0.0321227
0.075	0.75	-0.0322002
0.075	0.76	-0.0322762
0.075	0.77	-0.0323507
0.075	0.78	-0.0324239
0.075	0.79	-0.0324958
0.075	0.8	-0.0325666
0.075	0.81	-0.0326363
0.075	0.82	-0.0327047
0.075	0.83	-0.0327718
0.075	0.84	-0.0328376
0.075	0.85	-0.0329022
0.075	0.86	-0.0329657
0.075	0.87	-0.0330282
0.075	0.88	-0.0330898
0.075	0.89	-0.0331503
0.075	0.9	-0.0332098
0.075	0.91	-0.0332682
0.075	0.92	-0.0333256
0.075	0.93	-0.033382
0.075	0.94	-0.0334374
0.075	0.95	-0.0334919
0.075	0.96	-0.0335455
0.075	0.97	-0.0335982
0.075	0.98	-0.0336501
0.075	0.99	-0.033701
0.08	0.05	-0.0149768
0.08	0.06	-0.0158687
0.08	0.07	-0.0166286
0.08	0.08	-0.0172856
0.08	0.09	-0.017861
0.08	0.1	-0.0184241
0.08	0.11	-0.0189448
0.08	0.12	-0.0194204
0.08	0.13	-0.0198571
0.08	0.14	-0.0202596
0.08	0.15	-0.0206316
0.08	0.16	-0.0209769
0.08	0.17	-0.0212985
0.08	0.18	-0.0215986
0.08	0.19	-0.0218794
0.08	0.2	-0.0221426
0.08	0.21	-0.0224118
0.08	0.22	-0.0226749
0.08	0.23	-0.0229259
0.08	0.24	-0.0231659
0.08	0.25	-0.0233956
0.08	0.26	-0.0236145
0.08	0.27	-0.0238236
0.08	0.28	-0.0240239
0.08	0.29	-0.0242155
0.08	0.3	-0.0243994
0.08	0.31	-0.0245758
0.08	0.32	-0.0247452
0.08	0.33	-0.0249079
0.08	0.34	-0.0250646
0.08	0.35	-0.0252152
0.08	0.36	-0.0253601
0.08	0.37	-0.0254997
0.08	0.38	-0.0256343
0.08	0.39	-0.0257643
0.08	0.4	-0.0258896
0.08	0.41	-0.0260104
0.08	0.42	-0.0261272
0.08	0.43	-0.02624
0.08	0.44	-0.026349
0.08	0.45	-0.0264555
0.08	0.46	-0.0265665
0.08	0.47	-0.0266767
0.08	0.48	-0.0267852
0.08	0.49	-0.0268907
0.08	0.5	-0.0269938
0.08	0.51	-0.0270949
0.08	0.52	-0.0271932
0.08	0.53	-0.027289
0.08	0.54	-0.0273824
0.08	0.55	-0.0274733
0.08	0.56	-0.0275619
0.08	0.57	-0.0276483
0.08	0.58	-0.0277329
0.08	0.59	-0.0278155
0.08	0.6	-0.0278961
0.08	0.61	-0.0279746
0.08	0.62	-0.0280511
0.08	0.63	-0.0281259
0.08	0.64	-0.0281992
0.08	0.65	-0.0282708
0.08	0.66	-0.0283407
0.08	0.67	-0.0284089
0.08	0.68	-0.0284755
0.08	0.69	-0.0285406
0.08	0.7	-0.0286042
0.08	0.71	-0.0286664
0.08	0.72	-0.0287272
0.08	0.73	-0.0287866
0.08	0.74	-0.0288448
0.08	0.75	-0.0289017
0.08	0.76	-0.0289574
0.08	0.77	-0.0290119
0.08	0.78	-0.0290651
0.08	0.79	-0.0291173
0.08	0.8	-0.0291683
0.08	0.81	-0.0292184
0.08	0.82	-0.0292674
0.08	0.83	-0.0293154
0.08	0.84	-0.0293624
0.08	0.85	-0.0294084
0.08	0.86	-0.0294535
0.08	0.87	-0.0294976
0.08	0.88	-0.029541
0.08	0.89	-0.0295834
0.08	0.9	-0.0296251
0.08	0.91	-0.0296659
0.08	0.92	-0.0297059
0.08	0.93	-0.029745
0.08	0.94	-0.0297834
0.08	0.95	-0.029821
0.08	0.96	-0.0298579
0.08	0.97	-0.029894
0.08	0.98	-0.0299294
0.08	0.99	-0.0299642
0.085	0.05	-0.0141864
0.085	0.06	-0.0149646
0.085	0.07	-0.015631
0.085	0.08	-0.0162619
0.085	0.09	-0.0168211
0.085	0.1	-0.0173203
0.085	0.11	-0.0177689
0.085	0.12	-0.0181743
0.085	0.13	-0.0185432
0.085	0.14	-0.0188801
0.085	0.15	-0.0191891
0.085	0.16	-0.0195024
0.085	0.17	-0.0198017
0.085	0.18	-0.0200827
0.085	0.19	-0.0203477
0.085	0.2	-0.0205965
0.085	0.21	-0.0208314
0.085	0.22	-0.0210531
0.085	0.23	-0.0212629
0.085	0.24	-0.0214616
0.085	0.25	-0.0216501
0.085	0.26	-0.0218293
0.085	0.27	-0.0219995
0.085	0.28	-0.0221615
0.085	0.29	-0.0223159
0.085	0.3	-0.0224632
0.085	0.31	-0.0226037
0.085	0.32	-0.0227378
0.085	0.33	-0.0228661
0.085	0.34	-0.0229919
0.085	0.35	-0.0231205
0.085	0.36	-0.0232481
0.085	0.37	-0.023371
0.085	0.38	-0.0234905
0.085	0.39	-0.0236063
0.085	0.4	-0.0237179
0.085	0.41	-0.023826
0.085	0.42	-0.0239303
0.085	0.43	-0.0240312
0.085	0.44	-0.0241293
0.085	0.45	-0.0242243
0.085	0.46	-0.0243161
0.085	0.47	-0.0244049
0.085	0.48	-0.0244912
0.085	0.49	-0.024575
0.085	0.5	-0.0246562
0.085	0.51	-0.0247349
0.085	0.52	-0.0248112
0.085	0.53	-0.0248852
0.085	0.54	-0.0249571
0.085	0.55	-0.0250269
0.085	0.56	-0.0250947
0.085	0.57	-0.0251606
0.085	0.58	-0.0252246
0.085	0.59	-0.0252867
0.085	0.6	-0.0253472
0.085	0.61	-0.025406
0.085	0.62	-0.0254633
0.085	0.63	-0.0255191
0.085	0.64	-0.0255733
0.085	0.65	-0.025626
0.085	0.66	-0.0256774
0.085	0.67	-0.0257274
0.085	0.68	-0.0257762
0.085	0.69	-0.0258237
0.085	0.7	-0.02587
0.085	0.71	-0.025915
0.085	0.72	-0.0259589
0.085	0.73	-0.0260017
0.085	0.74	-0.0260433
0.085	0.75	-0.0260838
0.085	0.76	-0.0261234
0.085	0.77	-0.0261621
0.085	0.78	-0.0261997
0.085	0.79	-0.0262386
0.085	0.8	-0.0262781
0.085	0.81	-0.0263166
0.085	0.82	-0.0263543
0.085	0.83	-0.0263915
0.085	0.84	-0.026429
0.085	0.85	-0.0264657
0.085	0.86	-0.0265015
0.085	0.87	-0.0265366
0.085	0.88	-0.0265709
0.085	0.89	-0.0266045
0.085	0.9	-0.0266374
0.085	0.91	-0.0266695
0.085	0.92	-0.0267009
0.085	0.93	-0.0267319
0.085	0.94	-0.0267624
0.085	0.95	-0.0267923
0.085	0.96	-0.0268216
0.085	0.97	-0.0268503
0.085	0.98	-0.0268785
0.085	0.99	-0.0269061
0.09	0.05	-0.013449
0.09	0.06	-0.0141861
0.09	0.07	-0.0148323
0.09	0.08	-0.0153908
0.09	0.09	-0.0158786
0.09	0.1	-0.0163093
0.09	0.11	-0.0166924
0.09	0.12	-0.017046
0.09	0.13	-0.0173953
0.09	0.14	-0.0177181
0.09	0.15	-0.0180171
0.09	0.16	-0.0182935
0.09	0.17	-0.0185502
0.09	0.18	-0.0187894
0.09	0.19	-0.0190125
0.09	0.2	-0.0192214
0.09	0.21	-0.019417
0.09	0.22	-0.0196005
0.09	0.23	-0.0197733
0.09	0.24	-0.0199358
0.09	0.25	-0.0200891
0.09	0.26	-0.0202337
0.09	0.27	-0.0203802
0.09	0.28	-0.0205264
0.09	0.29	-0.0206661
0.09	0.3	-0.0208012
0.09	0.31	-0.0209302
0.09	0.32	-0.0210538
0.09	0.33	-0.0211721
0.09	0.34	-0.0212857
0.09	0.35	-0.0213949
0.09	0.36	-0.0214996
0.09	0.37	-0.0216001
0.09	0.38	-0.0216969
0.09	0.39	-0.02179
0.09	0.4	-0.0218795
0.09	0.41	-0.0219655
0.09	0.42	-0.0220483
0.09	0.43	-0.0221281
0.09	0.44	-0.022205
0.09	0.45	-0.0222791
0.09	0.46	-0.0223505
0.09	0.47	-0.0224195
0.09	0.48	-0.0224861
0.09	0.49	-0.0225504
0.09	0.5	-0.0226125
0.09	0.51	-0.0226725
0.09	0.52	-0.0227305
0.09	0.53	-0.0227866
0.09	0.54	-0.0228409
0.09	0.55	-0.0228935
0.09	0.56	-0.0229442
0.09	0.57	-0.0229933
0.09	0.58	-0.0230408
0.09	0.59	-0.0230867
0.09	0.6	-0.0231313
0.09	0.61	-0.0231744
0.09	0.62	-0.02322
0.09	0.63	-0.0232646
0.09	0.64	-0.023308
0.09	0.65	-0.0233509
0.09	0.66	-0.0233935
0.09	0.67	-0.0234349
0.09	0.68	-0.0234752
0.09	0.69	-0.0235144
0.09	0.7	-0.0235525
0.09	0.71	-0.0235895
0.09	0.72	-0.0236256
0.09	0.73	-0.023661
0.09	0.74	-0.0236956
0.09	0.75	-0.0237293
0.09	0.76	-0.0237622
0.09	0.77	-0.0237943
0.09	0.78	-0.0238256
0.09	0.79	-0.023856
0.09	0.8	-0.0238856
0.09	0.81	-0.0239145
0.09	0.82	-0.0239427
0.09	0.83	-0.0239701
0.09	0.84	-0.0239968
0.09	0.85	-0.0240229
0.09	0.86	-0.0240482
0.09	0.87	-0.0240729
0.09	0.88	-0.024097
0.09	0.89	-0.0241204
0.09	0.9	-0.0241433
0.09	0.91	-0.0241655
0.09	0.92	-0.0241872
0.09	0.93	-0.0242083
0.09	0.94	-0.0242291
0.09	0.95	-0.0242494
0.09	0.96	-0.0242691
0.09	0.97	-0.0242883
0.09	0.98	-0.0243071
0.09	0.99	-0.0243253
0.095	0.05	-0.012837
0.095	0.06	-0.0135211
0.095	0.07	-0.014095
0.095	0.08	-0.0145845
0.095	0.09	-0.0150076
0.095	0.1	-0.0154053
0.095	0.11	-0.015778
0.095	0.12	-0.0161166
0.095	0.13	-0.0164236
0.095	0.14	-0.0167039
0.095	0.15	-0.0169607
0.095	0.16	-0.0171969
0.095	0.17	-0.0174146
0.095	0.18	-0.0176159
0.095	0.19	-0.0178027
0.095	0.2	-0.017976
0.095	0.21	-0.0181386
0.095	0.22	-0.0183046
0.095	0.23	-0.0184644
0.095	0.24	-0.0186169
0.095	0.25	-0.0187611
0.095	0.26	-0.0188978
0.095	0.27	-0.0190274
0.095	0.28	-0.0191509
0.095	0.29	-0.0192682
0.095	0.3	-0.0193796
0.095	0.31	-0.019486
0.095	0.32	-0.0195873
0.095	0.33	-0.0196837
0.095	0.34	-0.0197757
0.095	0.35	-0.0198635
0.095	0.36	-0.0199474
0.095	0.37	-0.0200276
0.095	0.38	-0.0201043
0.095	0.39	-0.0201778
0.095	0.4	-0.0202482
0.095	0.41	-0.0203156
0.095	0.42	-0.0203803
0.095	0.43	-0.0204423
0.095	0.44	-0.0205019
0.095	0.45	-0.020559
0.095	0.46	-0.0206138
0.095	0.47	-0.0206664
0.095	0.48	-0.0207169
0.095	0.49	-0.020766
0.095	0.5	-0.0208174
0.095	0.51	-0.020867
0.095	0.52	-0.0209154
0.095	0.53	-0.0209634
0.095	0.54	-0.0210098
0.095	0.55	-0.0210547
0.095	0.56	-0.0210979
0.095	0.57	-0.0211398
0.095	0.58	-0.0211802
0.095	0.59	-0.0212198
0.095	0.6	-0.0212581
0.095	0.61	-0.0212953
0.095	0.62	-0.0213313
0.095	0.63	-0.0213662
0.095	0.64	-0.0214
0.095	0.65	-0.0214326
0.095	0.66	-0.0214643
0.095	0.67	-0.0214949
0.095	0.68	-0.0215246
0.095	0.69	-0.0215533
0.095	0.7	-0.0215812
0.095	0.71	-0.0216081
0.095	0.72	-0.0216342
0.095	0.73	-0.0216594
0.095	0.74	-0.0216838
0.095	0.75	-0.0217075
0.095	0.76	-0.0217307
0.095	0.77	-0.0217532
0.095	0.78	-0.0217749
0.095	0.79	-0.0217959
0.095	0.8	-0.0218162
0.095	0.81	-0.0218359
0.095	0.82	-0.021855
0.095	0.83	-0.0218735
0.095	0.84	-0.0218914
0.095	0.85	-0.0219088
0.095	0.86	-0.0219256
0.095	0.87	-0.0219419
0.095	0.88	-0.0219577
0.095	0.89	-0.021973
0.095	0.9	-0.0219878
0.095	0.91	-0.0220021
0.095	0.92	-0.0220159
0.095	0.93	-0.0220293
0.095	0.94	-0.0220423
0.095	0.95	-0.0220548
0.095	0.96	-0.0220669
0.095	0.97	-0.0220787
0.095	0.98	-0.02209
0.095	0.99	-0.0221009
