0.05	0	-0.0237989
0.05	0.001	-0.0247347
0.05	0.002	-0.0259227
0.05	0.003	-0.0275089
0.05	0.004	-0.0299191
0.05	0.005	-0.0364012
0.05	0.006	-0.172147
0.05	0.007	-0.290401
0.05	0.008	-0.379092
0.05	0.009	-0.448074
0.05	0.01	-0.503259
0.05	0.011	-0.548411
0.05	0.012	-0.586037
0.05	0.013	-0.617875
0.05	0.014	-0.645164
0.05	0.015	-0.668815
0.05	0.016	-0.68951
0.05	0.017	-0.70777
0.05	0.018	-0.724001
0.05	0.019	-0.738523
0.05	0.02	-0.751594
0.05	0.021	-0.763419
0.05	0.022	-0.774169
0.05	0.023	-0.783985
0.05	0.024	-0.792983
0.05	0.025	-0.801261
0.05	0.026	-0.808902
0.05	0.027	-0.815977
0.05	0.028	-0.822546
0.05	0.029	-0.828663
0.05	0.03	-0.834372
0.05	0.031	-0.839713
0.05	0.032	-0.844719
0.05	0.033	-0.849423
0.05	0.034	-0.853849
0.05	0.035	-0.858023
0.05	0.036	-0.861965
0.05	0.037	-0.865694
0.05	0.038	-0.869226
0.05	0.039	-0.872578
0.05	0.04	-0.875761
0.05	0.041	-0.87879
0.05	0.042	-0.881674
0.05	0.043	-0.884424
0.05	0.044	-0.88705
0.05	0.045	-0.889558
0.05	0.046	-0.891957
0.05	0.047	-0.894255
0.05	0.048	-0.896456
0.05	0.049	-0.898568
0.15	0	-0.0822921
0.15	0.001	-0.0844404
0.15	0.002	-0.0873187
0.15	0.003	-0.0906238
0.15	0.004	-0.0954853
0.15	0.005	-0.105273
0.15	0.006	-0.183022
0.15	0.007	-0.299723
0.15	0.008	-0.387249
0.15	0.009	-0.455324
0.15	0.01	-0.509785
0.15	0.011	-0.554343
0.15	0.012	-0.591475
0.15	0.013	-0.622895
0.15	0.014	-0.649826
0.15	0.015	-0.673166
0.15	0.016	-0.693588
0.15	0.017	-0.711608
0.15	0.018	-0.727626
0.15	0.019	-0.741958
0.15	0.02	-0.754856
0.15	0.021	-0.766526
0.15	0.022	-0.777136
0.15	0.023	-0.786822
0.15	0.024	-0.795702
0.15	0.025	-0.803871
0.15	0.026	-0.811411
0.15	0.027	-0.818394
0.15	0.028	-0.824877
0.15	0.029	-0.830913
0.15	0.03	-0.836547
0.15	0.031	-0.841817
0.15	0.032	-0.846758
0.15	0.033	-0.8514
0.15	0.034	-0.855768
0.15	0.035	-0.859887
0.15	0.036	-0.863777
0.15	0.037	-0.867457
0.15	0.038	-0.870943
0.15	0.039	-0.87425
0.15	0.04	-0.877392
0.15	0.041	-0.880381
0.15	0.042	-0.883228
0.15	0.043	-0.885941
0.15	0.044	-0.888532
0.15	0.045	-0.891008
0.15	0.046	-0.893375
0.15	0.047	-0.895643
0.15	0.048	-0.897815
0.15	0.049	-0.899899
0.25	0	-0.14159
0.25	0.001	-0.144258
0.25	0.002	-0.148305
0.25	0.003	-0.152746
0.25	0.004	-0.159231
0.25	0.005	-0.169213
0.25	0.006	-0.199501
0.25	0.007	-0.308922
0.25	0.008	-0.395298
0.25	0.009	-0.462479
0.25	0.01	-0.516224
0.25	0.011	-0.560197
0.25	0.012	-0.596842
0.25	0.013	-0.627848
0.25	0.014	-0.654425
0.25	0.015	-0.677459
0.25	0.016	-0.697613
0.25	0.017	-0.715397
0.25	0.018	-0.731204
0.25	0.019	-0.745347
0.25	0.02	-0.758076
0.25	0.021	-0.769593
0.25	0.022	-0.780063
0.25	0.023	-0.789622
0.25	0.024	-0.798385
0.25	0.025	-0.806447
0.25	0.026	-0.813888
0.25	0.027	-0.820779
0.25	0.028	-0.827177
0.25	0.029	-0.833134
0.25	0.03	-0.838694
0.25	0.031	-0.843895
0.25	0.032	-0.848771
0.25	0.033	-0.853352
0.25	0.034	-0.857663
0.25	0.035	-0.861727
0.25	0.036	-0.865566
0.25	0.037	-0.869198
0.25	0.038	-0.872638
0.25	0.039	-0.875902
0.25	0.04	-0.879003
0.25	0.041	-0.881952
0.25	0.042	-0.884761
0.25	0.043	-0.887439
0.25	0.044	-0.889996
0.25	0.045	-0.892439
0.25	0.046	-0.894776
0.25	0.047	-0.897013
0.25	0.048	-0.899157
0.25	0.049	-0.901214
0.35	0	-0.19847
0.35	0.001	-0.202544
0.35	0.002	-0.206602
0.35	0.003	-0.211686
0.35	0.004	-0.21863
0.35	0.005	-0.228568
0.35	0.006	-0.246242
0.35	0.007	-0.318067
0.35	0.008	-0.403241
0.35	0.009	-0.46954
0.35	0.01	-0.522579
0.35	0.011	-0.565974
0.35	0.012	-0.602137
0.35	0.013	-0.632736
0.35	0.014	-0.658964
0.35	0.015	-0.681695
0.35	0.016	-0.701585
0.35	0.017	-0.719135
0.35	0.018	-0.734734
0.35	0.019	-0.748692
0.35	0.02	-0.761254
0.35	0.021	-0.772619
0.35	0.022	-0.782952
0.35	0.023	-0.792385
0.35	0.024	-0.801033
0.35	0.025	-0.808989
0.35	0.026	-0.816333
0.35	0.027	-0.823133
0.35	0.028	-0.829447
0.35	0.029	-0.835326
0.35	0.03	-0.840812
0.35	0.031	-0.845945
0.35	0.032	-0.850757
0.35	0.033	-0.855278
0.35	0.034	-0.859532
0.35	0.035	-0.863543
0.35	0.036	-0.867332
0.35	0.037	-0.870916
0.35	0.038	-0.874311
0.35	0.039	-0.877532
0.35	0.04	-0.880592
0.35	0.041	-0.883502
0.35	0.042	-0.886274
0.35	0.043	-0.888918
0.35	0.044	-0.891441
0.35	0.045	-0.893851
0.35	0.046	-0.896157
0.35	0.047	-0.898365
0.35	0.048	-0.900481
0.35	0.049	-0.902511
0.45	0	-0.253522
0.45	0.001	-0.257228
0.45	0.002	-0.261208
0.45	0.003	-0.267551
0.45	0.004	-0.273823
0.45	0.005	-0.283663
0.45	0.006	-0.29802
0.45	0.007	-0.333271
0.45	0.008	-0.411086
0.45	0.009	-0.476506
0.45	0.01	-0.528849
0.45	0.011	-0.571674
0.45	0.012	-0.607362
0.45	0.013	-0.63756
0.45	0.014	-0.663443
0.45	0.015	-0.685876
0.45	0.016	-0.705504
0.45	0.017	-0.722823
0.45	0.018	-0.738218
0.45	0.019	-0.751992
0.45	0.02	-0.764389
0.45	0.021	-0.775606
0.45	0.022	-0.785802
0.45	0.023	-0.795112
0.45	0.024	-0.803646
0.45	0.025	-0.811497
0.45	0.026	-0.818745
0.45	0.027	-0.825455
0.45	0.028	-0.831687
0.45	0.029	-0.837488
0.45	0.03	-0.842903
0.45	0.031	-0.847968
0.45	0.032	-0.852717
0.45	0.033	-0.857178
0.45	0.034	-0.861377
0.45	0.035	-0.865335
0.45	0.036	-0.869074
0.45	0.037	-0.872611
0.45	0.038	-0.875961
0.45	0.039	-0.87914
0.45	0.04	-0.88216
0.45	0.041	-0.885032
0.45	0.042	-0.887768
0.45	0.043	-0.890376
0.45	0.044	-0.892866
0.45	0.045	-0.895245
0.45	0.046	-0.897521
0.45	0.047	-0.8997
0.45	0.048	-0.901788
0.45	0.049	-0.903791
0.55	0	-0.304796
0.55	0.001	-0.308173
0.55	0.002	-0.313717
0.55	0.003	-0.31944
0.55	0.004	-0.325102
0.55	0.005	-0.334799
0.55	0.006	-0.346542
0.55	0.007	-0.367735
0.55	0.008	-0.419719
0.55	0.009	-0.483385
0.55	0.01	-0.535036
0.55	0.011	-0.577299
0.55	0.012	-0.612518
0.55	0.013	-0.642319
0.55	0.014	-0.667863
0.55	0.015	-0.690001
0.55	0.016	-0.709371
0.55	0.017	-0.726463
0.55	0.018	-0.741656
0.55	0.019	-0.755249
0.55	0.02	-0.767483
0.55	0.021	-0.778552
0.55	0.022	-0.788615
0.55	0.023	-0.797802
0.55	0.024	-0.806224
0.55	0.025	-0.813972
0.55	0.026	-0.821125
0.55	0.027	-0.827747
0.55	0.028	-0.833897
0.55	0.029	-0.839622
0.55	0.03	-0.844965
0.55	0.031	-0.849964
0.55	0.032	-0.854651
0.55	0.033	-0.859053
0.55	0.034	-0.863197
0.55	0.035	-0.867103
0.55	0.036	-0.870793
0.55	0.037	-0.874283
0.55	0.038	-0.87759
0.55	0.039	-0.880727
0.55	0.04	-0.883707
0.55	0.041	-0.886541
0.55	0.042	-0.889241
0.55	0.043	-0.891815
0.55	0.044	-0.894273
0.55	0.045	-0.896621
0.55	0.046	-0.898866
0.55	0.047	-0.901017
0.55	0.048	-0.903077
0.55	0.049	-0.905054
0.65	0	-0.35255
0.65	0.001	-0.357242
0.65	0.002	-0.36247
0.65	0.003	-0.367634
0.65	0.004	-0.373378
0.65	0.005	-0.382258
0.65	0.006	-0.391693
0.65	0.007	-0.406797
0.65	0.008	-0.437089
0.65	0.009	-0.490465
0.65	0.01	-0.541144
0.65	0.011	-0.582848
0.65	0.012	-0.617605
0.65	0.013	-0.647015
0.65	0.014	-0.672223
0.65	0.015	-0.69407
0.65	0.016	-0.713187
0.65	0.017	-0.730054
0.65	0.018	-0.745047
0.65	0.019	-0.758462
0.65	0.02	-0.770535
0.65	0.021	-0.781459
0.65	0.022	-0.79139
0.65	0.023	-0.800457
0.65	0.024	-0.808768
0.65	0.025	-0.816415
0.65	0.026	-0.823473
0.65	0.027	-0.830008
0.65	0.028	-0.836077
0.65	0.029	-0.841727
0.65	0.03	-0.847001
0.65	0.031	-0.851934
0.65	0.032	-0.856559
0.65	0.033	-0.860903
0.65	0.034	-0.864993
0.65	0.035	-0.868848
0.65	0.036	-0.872489
0.65	0.037	-0.875933
0.65	0.038	-0.879197
0.65	0.039	-0.882292
0.65	0.04	-0.885233
0.65	0.041	-0.888031
0.65	0.042	-0.890695
0.65	0.043	-0.893235
0.65	0.044	-0.89566
0.65	0.045	-0.897978
0.65	0.046	-0.900194
0.65	0.047	-0.902316
0.65	0.048	-0.90435
0.65	0.049	-0.9063
